-173.00,-57.00,-649.00,1020,0
-183.00,-26.00,-664.00,1052,0
-192.00,-25.00,-665.00,1084,0
-185.00,-25.00,-669.00,1115,0
-184.00,-23.00,-666.00,1146,0
-180.00,-33.00,-665.00,1178,0
-173.00,-47.00,-660.00,1210,0
-168.00,-45.00,-656.00,1242,0
-173.00,-33.00,-657.00,1273,0
-180.00,-42.00,-672.00,1304,0
-185.00,-45.00,-672.00,1336,0
-177.00,-45.00,-665.00,1368,0
-153.00,-49.00,-628.00,1399,0
-160.00,-40.00,-634.00,1431,0
-185.00,-34.00,-656.00,1462,0
-208.00,-32.00,-673.00,1494,0
-212.00,-41.00,-676.00,1525,0
-208.00,-40.00,-673.00,1557,0
-200.00,-45.00,-672.00,1589,0
-193.00,-50.00,-660.00,1620,0
-183.00,-58.00,-655.00,1651,0
-183.00,-57.00,-650.00,1683,0
-180.00,-50.00,-660.00,1715,0
-185.00,-48.00,-657.00,1746,0
-189.00,-41.00,-660.00,1778,0
-193.00,-40.00,-665.00,1809,0
-196.00,-36.00,-665.00,1841,0
-202.00,-40.00,-665.00,1872,0
-194.00,-49.00,-665.00,1904,0
-189.00,-52.00,-660.00,1936,0
-185.00,-57.00,-660.00,1968,0
-191.00,-61.00,-663.00,1998,0
-177.00,-61.00,-649.00,2030,0
-177.00,-33.00,-648.00,2062,0
-185.00,-25.00,-660.00,2094,0
-200.00,-41.00,-669.00,2125,0
-193.00,-49.00,-665.00,2157,0
-186.00,-44.00,-656.00,2188,0
-191.00,-40.00,-661.00,2220,0
-193.00,-49.00,-664.00,2251,0
-186.00,-57.00,-660.00,2283,0
-183.00,-57.00,-653.00,2315,0
-180.00,-49.00,-655.00,2345,0
-189.00,-50.00,-656.00,2377,0
-193.00,-40.00,-674.00,2409,0
-185.00,-68.00,-680.00,2441,0
-177.00,-97.00,-672.00,2472,0
-151.00,-73.00,-650.00,2504,0
-130.00,22.00,-616.00,2535,0
-136.00,86.00,-605.00,2567,0
-192.00,72.00,-633.00,2598,0
-241.00,16.00,-665.00,2630,0
-274.00,-79.00,-689.00,2662,0
-276.00,-106.00,-692.00,2694,0
-256.00,-125.00,-680.00,2724,0
-241.00,-121.00,-669.00,2756,0
-237.00,-104.00,-673.00,2788,0
-225.00,-121.00,-669.00,2821,0
-196.00,-109.00,-648.00,2853,0
-185.00,-52.00,-632.00,2887,0
-177.00,-29.00,-623.00,2919,0
-189.00,-61.00,-628.00,2952,0
-225.00,-116.00,-648.00,2983,0
-253.00,-113.00,-669.00,3017,0
-257.00,-64.00,-687.00,3050,0
-249.00,-25.00,-669.00,3083,0
-232.00,-40.00,-650.00,3115,0
-244.00,-8.00,-669.00,3147,0
-233.00,15.00,-672.00,3179,0
-225.00,30.00,-679.00,3210,0
-209.00,41.00,-666.00,3241,0
-180.00,51.00,-633.00,3273,0
-175.00,30.00,-616.00,3305,0
-185.00,15.00,-640.00,3337,0
-207.00,48.00,-669.00,3368,0
-217.00,67.00,-687.00,3399,0
-201.00,72.00,-676.00,3431,0
-193.00,72.00,-676.00,3463,0
-186.00,60.00,-665.00,3494,0
-168.00,17.00,-644.00,3526,0
-168.00,-8.00,-632.00,3557,0
-169.00,-25.00,-625.00,3589,0
-191.00,-29.00,-640.00,3620,0
-228.00,-36.00,-672.00,3652,0
-233.00,-25.00,-679.00,3684,0
-231.00,-9.00,-679.00,3715,0
-224.00,-7.00,-680.00,3746,0
-212.00,12.00,-672.00,3778,0
-201.00,15.00,-665.00,3810,0
-185.00,19.00,-656.00,3842,0
-177.00,3.00,-648.00,3872,0
-175.00,-13.00,-648.00,3904,0
-185.00,-25.00,-657.00,3936,0
-180.00,-20.00,-660.00,3968,0
-186.00,-7.00,-669.00,3999,0
-191.00,-1.00,-669.00,4031,0
-185.00,7.00,-660.00,4062,0
-189.00,-9.00,-665.00,4093,0
-191.00,-15.00,-671.00,4125,0
-184.00,-25.00,-672.00,4157,0
-160.00,-23.00,-660.00,4189,0
-143.00,24.00,-633.00,4219,0
-137.00,71.00,-616.00,4251,0
-177.00,48.00,-634.00,4283,0
-208.00,-29.00,-656.00,4315,0
-210.00,-25.00,-649.00,4346,0
-217.00,-16.00,-653.00,4377,0
-234.00,-57.00,-679.00,4409,0
-255.00,-80.00,-701.00,4441,0
-264.00,-57.00,-719.00,4472,0
-244.00,-33.00,-711.00,4504,0
-208.00,-36.00,-680.00,4536,0
-153.00,-72.00,-628.00,4568,0
-121.00,-84.00,-596.00,4600,0
-113.00,-79.00,-593.00,4632,0
-157.00,-97.00,-640.00,4665,0
-193.00,-93.00,-672.00,4697,0
-200.00,-25.00,-674.00,4729,0
-180.00,273.00,-672.00,4761,0
-193.00,327.00,-673.00,4794,0
-177.00,295.00,-657.00,4826,0
-189.00,147.00,-617.00,4858,0
-173.00,-212.00,-543.00,4890,0
-223.00,-872.00,-552.00,4924,0
-372.00,-765.00,-703.00,4957,0
-360.00,-584.00,-689.00,4990,0
-288.00,-328.00,-628.00,5023,0
-234.00,-168.00,-605.00,5057,0
-250.00,-136.00,-637.00,5090,0
-285.00,-116.00,-685.00,5124,0
-272.00,-57.00,-681.00,5156,0
-217.00,32.00,-660.00,5189,0
-209.00,33.00,-656.00,5220,0
-200.00,-7.00,-637.00,5252,1
-209.00,-68.00,-644.00,5283,0
-191.00,-116.00,-637.00,5315,0
-180.00,-141.00,-634.00,5349,0
-184.00,-132.00,-658.00,5382,0
-185.00,-71.00,-658.00,5415,0
-180.00,-25.00,-656.00,5447,0
-168.00,-4.00,-644.00,5480,0
-160.00,86.00,-637.00,5512,0
-157.00,287.00,-642.00,5543,0
-160.00,448.00,-639.00,5574,0
-144.00,288.00,-580.00,5607,0
-168.00,-257.00,-520.00,5639,0
-212.00,-1215.00,-537.00,5672,0
-481.00,-925.00,-759.00,5706,0
-445.00,-733.00,-720.00,5740,0
-317.00,-410.00,-618.00,5773,0
-239.00,-281.00,-576.00,5807,0
-241.00,-161.00,-615.00,5839,0
-239.00,0.00,-637.00,5873,0
-218.00,79.00,-639.00,5905,0
-189.00,41.00,-631.00,5936,0
-205.00,-9.00,-644.00,5967,0
-225.00,-58.00,-657.00,5999,0
-225.00,-95.00,-656.00,6031,0
-225.00,-111.00,-663.00,6063,1
-231.00,-89.00,-663.00,6095,0
-232.00,-100.00,-656.00,6128,0
-208.00,-113.00,-642.00,6161,0
-207.00,-121.00,-639.00,6195,0
-208.00,-114.00,-644.00,6227,0
-212.00,-89.00,-637.00,6261,0
-228.00,-49.00,-656.00,6293,0
-237.00,-29.00,-660.00,6326,0
-239.00,12.00,-665.00,6358,0
-225.00,280.00,-653.00,6389,0
-183.00,454.00,-600.00,6421,0
-193.00,224.00,-569.00,6454,0
-226.00,-449.00,-500.00,6486,0
-272.00,-1320.00,-525.00,6519,0
-522.00,-993.00,-740.00,6553,0
-472.00,-781.00,-697.00,6587,0
-320.00,-402.00,-596.00,6620,0
-258.00,-242.00,-577.00,6653,0
-260.00,-144.00,-621.00,6686,0
-257.00,-93.00,-641.00,6720,0
-240.00,-20.00,-648.00,6752,0
-208.00,63.00,-642.00,6784,0
-200.00,31.00,-640.00,6815,0
-200.00,-49.00,-633.00,6847,0
-224.00,-119.00,-653.00,6879,0
-212.00,-146.00,-633.00,6912,0
-217.00,-144.00,-642.00,6945,0
-226.00,-111.00,-648.00,6978,1
-237.00,-119.00,-648.00,7013,0
-241.00,-121.00,-656.00,7046,0
-248.00,-128.00,-657.00,7079,0
-241.00,-130.00,-656.00,7112,0
-221.00,-72.00,-634.00,7146,0
-209.00,1.00,-645.00,7178,0
-200.00,172.00,-648.00,7209,0
-200.00,287.00,-631.00,7241,0
-159.00,198.00,-562.00,7273,0
-162.00,-193.00,-506.00,7305,0
-333.00,-993.00,-610.00,7339,0
-505.00,-840.00,-737.00,7371,0
-456.00,-644.00,-712.00,7405,0
-362.00,-442.00,-642.00,7438,0
-276.00,-269.00,-578.00,7472,0
-249.00,-120.00,-601.00,7504,0
-272.00,-80.00,-647.00,7538,0
-260.00,-50.00,-671.00,7570,0
-217.00,-10.00,-633.00,7603,0
-186.00,-25.00,-621.00,7634,0
-199.00,-63.00,-633.00,7667,0
-200.00,-89.00,-640.00,7699,0
-225.00,-113.00,-653.00,7732,0
-233.00,-104.00,-656.00,7764,0
-232.00,-81.00,-642.00,7798,1
-232.00,-73.00,-628.00,7831,0
-240.00,-97.00,-633.00,7864,0
-253.00,-119.00,-658.00,7896,0
-264.00,-144.00,-664.00,7929,0
-247.00,-121.00,-647.00,7962,0
-225.00,-82.00,-634.00,7996,0
-221.00,33.00,-650.00,8028,0
-234.00,223.00,-679.00,8059,0
-233.00,355.00,-644.00,8091,0
-159.00,167.00,-519.00,8124,0
-173.00,-416.00,-484.00,8156,0
-281.00,-986.00,-538.00,8189,0
-520.00,-897.00,-733.00,8222,0
-535.00,-793.00,-759.00,8256,0
-404.00,-506.00,-657.00,8289,0
-293.00,-360.00,-585.00,8323,0
-253.00,-244.00,-578.00,8355,0
-207.00,-64.00,-592.00,8389,0
-194.00,19.00,-617.00,8421,0
-189.00,39.00,-633.00,8453,0
-180.00,15.00,-644.00,8484,0
-168.00,-40.00,-633.00,8516,0
-173.00,-93.00,-625.00,8547,0
-205.00,-153.00,-653.00,8580,0
-221.00,-136.00,-656.00,8612,1
-225.00,-122.00,-650.00,8647,0
-217.00,-121.00,-650.00,8680,0
-223.00,-116.00,-653.00,8714,0
-228.00,-95.00,-650.00,8747,0
-225.00,-65.00,-641.00,8778,0
-212.00,-58.00,-637.00,8811,0
-208.00,-42.00,-648.00,8843,0
-186.00,352.00,-616.00,8876,0
-168.00,476.00,-592.00,8907,0
-256.00,35.00,-602.00,8940,0
-217.00,-724.00,-493.00,8972,0
-274.00,-1162.00,-527.00,9005,0
-480.00,-848.00,-698.00,9038,0
-477.00,-689.00,-712.00,9072,0
-445.00,-509.00,-673.00,9105,0
-361.00,-397.00,-608.00,9139,0
-306.00,-281.00,-589.00,9171,0
-225.00,-65.00,-568.00,9205,0
-205.00,15.00,-592.00,9237,0
-224.00,28.00,-626.00,9269,0
-240.00,-13.00,-656.00,9300,0
-237.00,-61.00,-642.00,9332,0
-225.00,-104.00,-631.00,9364,0
-244.00,-116.00,-655.00,9398,0
-273.00,-111.00,-674.00,9431,1
-269.00,-136.00,-656.00,9465,0
-249.00,-153.00,-632.00,9498,0
-255.00,-164.00,-644.00,9532,0
-258.00,-157.00,-650.00,9565,0
-239.00,-125.00,-637.00,9598,0
-241.00,-82.00,-639.00,9631,0
-237.00,-52.00,-637.00,9664,0
-248.00,-34.00,-642.00,9696,0
-249.00,192.00,-642.00,9729,0
-226.00,348.00,-621.00,9760,0
-217.00,216.00,-592.00,9793,0
-225.00,-618.00,-509.00,9825,0
-327.00,-1184.00,-591.00,9859,0
-489.00,-881.00,-714.00,9892,0
-413.00,-690.00,-656.00,9926,0
-301.00,-497.00,-584.00,9959,0
-253.00,-408.00,-578.00,9993,0
-253.00,-301.00,-601.00,10025,0
-225.00,-57.00,-604.00,10060,0
-210.00,48.00,-625.00,10093,0
-234.00,-4.00,-672.00,10126,0
-237.00,-89.00,-671.00,10158,0
-225.00,-143.00,-657.00,10191,0
-208.00,-136.00,-640.00,10225,0
-200.00,-106.00,-648.00,10260,1
-200.00,-88.00,-650.00,10295,0
-191.00,-82.00,-633.00,10329,0
-180.00,-93.00,-637.00,10361,0
-178.00,-93.00,-642.00,10395,0
-178.00,-72.00,-642.00,10428,0
-185.00,-57.00,-649.00,10462,0
-185.00,-29.00,-648.00,10494,0
-189.00,143.00,-650.00,10528,0
-177.00,364.00,-633.00,10561,0
-176.00,104.00,-605.00,10595,0
-157.00,-349.00,-541.00,10628,0
-164.00,-954.00,-505.00,10662,0
-400.00,-904.00,-695.00,10696,0
-472.00,-754.00,-729.00,10731,0
-383.00,-634.00,-644.00,10765,0
-292.00,-461.00,-584.00,10800,0
-263.00,-303.00,-570.00,10833,0
-237.00,-138.00,-592.00,10868,0
-239.00,-93.00,-633.00,10902,0
-241.00,-80.00,-660.00,10936,0
-217.00,-63.00,-649.00,10969,0
-189.00,-64.00,-629.00,11002,0
-196.00,-82.00,-648.00,11035,0
-208.00,-71.00,-669.00,11069,0
-208.00,-82.00,-660.00,11102,1
-189.00,-136.00,-633.00,11137,0
-200.00,-153.00,-633.00,11170,0
-205.00,-148.00,-642.00,11205,0
-193.00,-136.00,-632.00,11239,0
-183.00,33.00,-625.00,11274,0
-177.00,175.00,-623.00,11305,0
-200.00,304.00,-641.00,11339,0
-186.00,271.00,-605.00,11372,0
-210.00,-288.00,-541.00,11406,0
-221.00,-1172.00,-500.00,11441,0
-445.00,-986.00,-685.00,11475,0
-527.00,-713.00,-740.00,11510,0
-404.00,-519.00,-621.00,11544,0
-320.00,-434.00,-562.00,11579,0
-308.00,-266.00,-605.00,11613,0
-308.00,-121.00,-637.00,11648,0
-233.00,-25.00,-616.00,11681,0
-196.00,-39.00,-594.00,11715,0
-205.00,-72.00,-632.00,11748,0
-221.00,-125.00,-648.00,11782,0
-248.00,-168.00,-665.00,11815,0
-228.00,-144.00,-650.00,11850,1
-232.00,-93.00,-649.00,11885,0
-212.00,-112.00,-628.00,11919,0
-215.00,-186.00,-633.00,11953,0
-210.00,-191.00,-640.00,11987,0
-215.00,-144.00,-637.00,12021,0
-216.00,-104.00,-640.00,12056,0
-208.00,-57.00,-625.00,12090,0
-221.00,44.00,-648.00,12124,0
-244.00,174.00,-674.00,12155,0
-216.00,135.00,-617.00,12189,0
-168.00,-159.00,-529.00,12222,0
-164.00,-1129.00,-497.00,12257,0
-388.00,-906.00,-687.00,12292,0
-447.00,-519.00,-733.00,12326,0
-345.00,-305.00,-634.00,12360,0
-314.00,-362.00,-618.00,12395,0
-308.00,-313.00,-628.00,12429,0
-296.00,-146.00,-628.00,12464,0
-225.00,12.00,-609.00,12497,0
-221.00,19.00,-621.00,12530,0
-225.00,3.00,-634.00,12562,0
-233.00,-93.00,-655.00,12594,0
-241.00,-144.00,-657.00,12626,0
-228.00,-127.00,-650.00,12661,1
-228.00,-16.00,-642.00,12696,0
-237.00,-50.00,-656.00,12730,0
-249.00,-63.00,-660.00,12763,0
-237.00,-77.00,-650.00,12796,0
-224.00,-79.00,-632.00,12829,0
-212.00,-52.00,-625.00,12863,0
-233.00,-2.00,-658.00,12896,0
-249.00,94.00,-657.00,12929,0
-233.00,319.00,-633.00,12960,0
-212.00,169.00,-584.00,12994,0
-186.00,-519.00,-516.00,13027,0
-272.00,-1092.00,-592.00,13062,0
-424.00,-898.00,-724.00,13096,0
-381.00,-648.00,-672.00,13131,0
-308.00,-521.00,-602.00,13165,0
-250.00,-337.00,-580.00,13200,0
-263.00,-178.00,-601.00,13234,0
-244.00,7.00,-621.00,13268,0
-228.00,79.00,-631.00,13300,0
-221.00,46.00,-640.00,13332,0
-232.00,-40.00,-644.00,13364,0
-244.00,-121.00,-653.00,13398,0
-269.00,-144.00,-673.00,13431,0
-248.00,-100.00,-660.00,13466,0
-233.00,-80.00,-648.00,13500,1
-233.00,-100.00,-641.00,13535,0
-234.00,-127.00,-648.00,13569,0
-232.00,-136.00,-648.00,13603,0
-225.00,-144.00,-637.00,13638,0
-212.00,-121.00,-626.00,13672,0
-208.00,-49.00,-631.00,13707,0
-208.00,187.00,-634.00,13740,0
-216.00,247.00,-633.00,13773,0
-202.00,24.00,-591.00,13806,0
-178.00,-808.00,-497.00,13839,0
-351.00,-921.00,-656.00,13873,0
-461.00,-729.00,-744.00,13907,0
-346.00,-576.00,-633.00,13941,0
-276.00,-429.00,-584.00,13976,0
-265.00,-335.00,-589.00,14010,0
-272.00,-157.00,-616.00,14045,0
-253.00,-64.00,-625.00,14078,0
-237.00,-31.00,-633.00,14112,0
-226.00,-9.00,-634.00,14145,0
-228.00,-29.00,-656.00,14178,0
-231.00,-104.00,-648.00,14211,0
-228.00,-185.00,-640.00,14245,0
-237.00,-175.00,-657.00,14279,0
-232.00,-136.00,-656.00,14314,0
-217.00,-121.00,-633.00,14348,1
-208.00,-136.00,-633.00,14384,0
-205.00,-160.00,-640.00,14417,0
-217.00,-167.00,-648.00,14452,0
-217.00,-141.00,-644.00,14486,0
-199.00,-55.00,-628.00,14521,0
-205.00,60.00,-640.00,14554,0
-208.00,182.00,-631.00,14586,0
-193.00,-4.00,-601.00,14619,0
-183.00,-356.00,-528.00,14652,0
-249.00,-969.00,-569.00,14686,0
-434.00,-857.00,-717.00,14721,0
-424.00,-672.00,-689.00,14754,0
-336.00,-484.00,-616.00,14789,0
-260.00,-337.00,-570.00,14823,0
-266.00,-255.00,-602.00,14858,0
-266.00,-185.00,-616.00,14892,0
-232.00,-57.00,-625.00,14926,0
-225.00,-1.00,-637.00,14959,0
-228.00,-25.00,-650.00,14992,0
-242.00,-116.00,-665.00,15025,0
-231.00,-159.00,-647.00,15059,0
-217.00,-177.00,-644.00,15093,0
-225.00,-157.00,-653.00,15128,0
-223.00,-111.00,-642.00,15162,1
-223.00,-114.00,-632.00,15198,0
-228.00,-144.00,-637.00,15232,0
-234.00,-141.00,-650.00,15266,0
-237.00,-89.00,-656.00,15300,0
-239.00,-64.00,-641.00,15334,0
-231.00,7.00,-631.00,15367,0
-242.00,110.00,-647.00,15398,0
-260.00,112.00,-656.00,15431,0
-216.00,156.00,-596.00,15465,0
-157.00,-111.00,-500.00,15498,0
-160.00,-980.00,-468.00,15533,0
-424.00,-1028.00,-698.00,15567,0
-520.00,-769.00,-761.00,15602,0
-360.00,-497.00,-621.00,15637,0
-308.00,-418.00,-576.00,15671,0
-288.00,-354.00,-580.00,15706,0
-305.00,-217.00,-612.00,15739,0
-256.00,15.00,-609.00,15774,0
-223.00,92.00,-618.00,15806,0
-212.00,62.00,-633.00,15839,0
-225.00,-72.00,-644.00,15870,0
-226.00,-145.00,-640.00,15904,0
-248.00,-146.00,-663.00,15938,0
-247.00,-95.00,-669.00,15973,0
-232.00,-97.00,-656.00,16006,0
-232.00,-136.00,-653.00,16039,1
-224.00,-141.00,-640.00,16074,0
-212.00,-129.00,-633.00,16109,0
-200.00,-66.00,-631.00,16143,0
-201.00,-32.00,-632.00,16177,0
-208.00,24.00,-644.00,16209,0
-212.00,104.00,-642.00,16242,0
-208.00,206.00,-634.00,16275,0
-199.00,79.00,-601.00,16309,0
-153.00,-212.00,-509.00,16340,0
-207.00,-1065.00,-509.00,16375,0
-489.00,-936.00,-737.00,16410,0
-512.00,-666.00,-737.00,16445,0
-420.00,-489.00,-647.00,16479,0
-308.00,-377.00,-568.00,16514,0
-290.00,-264.00,-573.00,16547,0
-281.00,-40.00,-609.00,16582,0
-260.00,33.00,-628.00,16615,0
-269.00,-4.00,-664.00,16648,0
-260.00,-109.00,-644.00,16679,0
-255.00,-205.00,-626.00,16714,0
-249.00,-148.00,-644.00,16748,0
-253.00,-113.00,-672.00,16783,1
-241.00,-109.00,-655.00,16818,0
-205.00,-113.00,-624.00,16852,0
-216.00,-144.00,-634.00,16886,0
-223.00,-136.00,-644.00,16921,0
-212.00,-111.00,-628.00,16955,0
-217.00,-136.00,-633.00,16990,0
-228.00,-127.00,-640.00,17024,0
-241.00,-80.00,-657.00,17058,0
-232.00,46.00,-637.00,17091,0
-221.00,279.00,-616.00,17124,0
-208.00,182.00,-569.00,17157,0
-169.00,-705.00,-452.00,17190,0
-351.00,-1085.00,-617.00,17224,0
-564.00,-857.00,-793.00,17260,0
-416.00,-669.00,-665.00,17294,0
-285.00,-484.00,-578.00,17329,0
-244.00,-385.00,-564.00,17362,0
-241.00,-240.00,-601.00,17397,0
-218.00,-113.00,-610.00,17432,0
-185.00,-33.00,-617.00,17466,0
-192.00,-17.00,-634.00,17499,0
-196.00,-96.00,-628.00,17532,0
-226.00,-193.00,-642.00,17566,0
-255.00,-201.00,-676.00,17600,0
-241.00,-157.00,-672.00,17635,0
-194.00,-121.00,-631.00,17669,0
-177.00,-113.00,-624.00,17703,1
-177.00,-109.00,-626.00,17738,0
-196.00,-113.00,-644.00,17773,0
-226.00,-157.00,-665.00,17807,0
-240.00,-164.00,-666.00,17842,0
-232.00,-153.00,-648.00,17875,0
-218.00,-129.00,-650.00,17910,0
-216.00,-164.00,-645.00,17944,0
-207.00,-221.00,-644.00,17979,0
-196.00,-185.00,-640.00,18013,0
-168.00,30.00,-618.00,18048,0
-159.00,240.00,-612.00,18079,0
-185.00,310.00,-616.00,18113,0
-205.00,-52.00,-594.00,18146,0
-208.00,-578.00,-522.00,18180,0
-368.00,-877.00,-634.00,18213,0
-489.00,-800.00,-740.00,18248,0
-465.00,-738.00,-701.00,18282,0
-354.00,-647.00,-607.00,18317,0
-241.00,-386.00,-543.00,18351,0
-216.00,-148.00,-569.00,18385,0
-232.00,-89.00,-616.00,18419,0
-241.00,-82.00,-644.00,18453,0
-239.00,-56.00,-648.00,18486,0
-223.00,7.00,-642.00,18520,0
-228.00,-15.00,-648.00,18551,0
-239.00,-68.00,-656.00,18584,0
-249.00,-125.00,-665.00,18617,0
-244.00,-141.00,-658.00,18652,0
-221.00,-98.00,-628.00,18685,0
-207.00,-93.00,-623.00,18719,1
-228.00,-122.00,-653.00,18753,0
-228.00,-121.00,-653.00,18788,0
-228.00,-80.00,-656.00,18822,0
-231.00,-52.00,-657.00,18855,0
-228.00,-25.00,-650.00,18888,0
-240.00,-31.00,-658.00,18922,0
-228.00,-25.00,-648.00,18955,0
-212.00,167.00,-626.00,18989,0
-202.00,252.00,-617.00,19021,0
-189.00,-8.00,-562.00,19055,0
-160.00,-584.00,-484.00,19087,0
-281.00,-959.00,-576.00,19122,0
-477.00,-845.00,-737.00,19155,0
-452.00,-712.00,-705.00,19190,0
-308.00,-521.00,-589.00,19224,0
-264.00,-425.00,-568.00,19259,0
-264.00,-241.00,-600.00,19293,0
-255.00,-25.00,-623.00,19328,0
-228.00,51.00,-642.00,19360,0
-240.00,32.00,-655.00,19393,0
-237.00,-96.00,-644.00,19425,0
-248.00,-144.00,-648.00,19459,0
-241.00,-113.00,-655.00,19492,0
-221.00,-68.00,-648.00,19527,1
-205.00,-73.00,-648.00,19561,0
-212.00,-104.00,-649.00,19595,0
-208.00,-173.00,-655.00,19630,0
-217.00,-168.00,-648.00,19663,0
-200.00,-82.00,-628.00,19698,0
-196.00,-48.00,-637.00,19731,0
-209.00,-40.00,-653.00,19765,0
-205.00,0.00,-640.00,19798,0
-189.00,112.00,-626.00,19829,0
-175.00,-12.00,-583.00,19862,0
-208.00,-386.00,-564.00,19896,0
-372.00,-628.00,-656.00,19930,0
-461.00,-653.00,-743.00,19964,0
-409.00,-666.00,-697.00,19998,0
-289.00,-573.00,-601.00,20033,0
-185.00,-321.00,-545.00,20067,0
-180.00,-137.00,-569.00,20102,0
-200.00,-32.00,-617.00,20135,0
-224.00,-57.00,-649.00,20169,0
-241.00,-77.00,-672.00,20202,0
-221.00,-72.00,-653.00,20236,0
-225.00,-77.00,-665.00,20269,0
-225.00,-106.00,-660.00,20302,0
-224.00,-151.00,-649.00,20336,0
-225.00,-173.00,-642.00,20371,1
-212.00,-120.00,-633.00,20406,0
-220.00,-98.00,-642.00,20441,0
-228.00,-106.00,-656.00,20473,0
-228.00,-112.00,-656.00,20508,0
-232.00,-93.00,-656.00,20542,0
-225.00,-68.00,-653.00,20576,0
-217.00,-39.00,-650.00,20609,0
-210.00,3.00,-656.00,20642,0
-186.00,158.00,-642.00,20674,0
-173.00,216.00,-625.00,20707,0
-167.00,-135.00,-561.00,20740,0
-159.00,-637.00,-500.00,20774,0
-360.00,-816.00,-665.00,20808,0
-436.00,-682.00,-722.00,20843,0
-380.00,-578.00,-672.00,20877,0
-273.00,-417.00,-592.00,20912,0
-232.00,-264.00,-576.00,20945,0
-228.00,-122.00,-609.00,20980,0
-232.00,-87.00,-637.00,21014,0
-225.00,-89.00,-656.00,21048,0
-212.00,-95.00,-648.00,21081,0
-193.00,-49.00,-641.00,21114,0
-186.00,-32.00,-644.00,21147,0
-196.00,-41.00,-644.00,21181,0
-221.00,-80.00,-657.00,21214,0
-232.00,-146.00,-657.00,21248,0
-237.00,-144.00,-649.00,21281,0
-232.00,-127.00,-644.00,21316,0
-225.00,-98.00,-637.00,21350,1
-225.00,-97.00,-650.00,21385,0
-228.00,-111.00,-656.00,21417,0
-239.00,-95.00,-665.00,21452,0
-217.00,-61.00,-648.00,21485,0
-210.00,9.00,-642.00,21519,0
-208.00,17.00,-642.00,21551,0
-196.00,70.00,-634.00,21582,0
-169.00,140.00,-596.00,21614,0
-144.00,-15.00,-553.00,21648,0
-167.00,-728.00,-484.00,21681,0
-365.00,-857.00,-644.00,21715,0
-529.00,-698.00,-785.00,21749,0
-436.00,-591.00,-695.00,21784,0
-285.00,-449.00,-573.00,21818,0
-249.00,-377.00,-573.00,21853,0
-272.00,-297.00,-609.00,21886,0
-264.00,-157.00,-616.00,21921,0
-237.00,-84.00,-624.00,21955,0
-218.00,-31.00,-626.00,21989,0
-234.00,-13.00,-648.00,22022,0
-248.00,-20.00,-669.00,22055,0
-233.00,-97.00,-656.00,22088,0
-228.00,-144.00,-637.00,22122,1
-221.00,-184.00,-632.00,22158,0
-228.00,-180.00,-625.00,22192,0
-221.00,-148.00,-633.00,22226,0
-234.00,-130.00,-649.00,22260,0
-241.00,-84.00,-655.00,22295,0
-244.00,-58.00,-655.00,22328,0
-232.00,-49.00,-640.00,22362,0
-249.00,-146.00,-653.00,22394,0
-272.00,-183.00,-649.00,22429,0
-208.00,-40.00,-600.00,22463,0
-205.00,-40.00,-593.00,22497,0
-207.00,-104.00,-589.00,22530,0
-208.00,-557.00,-522.00,22564,0
-260.00,-829.00,-551.00,22598,0
-509.00,-680.00,-775.00,22633,0
-512.00,-561.00,-753.00,22667,0
-349.00,-434.00,-609.00,22702,0
-297.00,-340.00,-576.00,22735,0
-280.00,-136.00,-593.00,22770,0
-281.00,-40.00,-621.00,22804,0
-260.00,-26.00,-640.00,22838,0
-242.00,-41.00,-637.00,22871,0
-228.00,-109.00,-633.00,22904,0
-228.00,-103.00,-633.00,22938,0
-225.00,-103.00,-640.00,22973,0
-232.00,-96.00,-649.00,23007,0
-241.00,-97.00,-669.00,23041,0
-247.00,-97.00,-669.00,23073,1
-212.00,-122.00,-633.00,23108,0
-217.00,-157.00,-640.00,23142,0
-208.00,-136.00,-637.00,23177,0
-215.00,-128.00,-640.00,23211,0
-225.00,-106.00,-648.00,23245,0
-215.00,-49.00,-641.00,23279,0
-225.00,-29.00,-656.00,23313,0
-212.00,112.00,-648.00,23346,0
-212.00,153.00,-633.00,23379,0
-196.00,44.00,-601.00,23412,0
-186.00,-353.00,-528.00,23445,0
-305.00,-800.00,-609.00,23479,0
-493.00,-717.00,-753.00,23514,0
-434.00,-665.00,-695.00,23547,0
-314.00,-495.00,-602.00,23582,0
-269.00,-365.00,-576.00,23616,0
-253.00,-200.00,-601.00,23651,0
-249.00,-136.00,-625.00,23685,0
-232.00,-57.00,-647.00,23719,0
-208.00,7.00,-640.00,23752,0
-178.00,28.00,-632.00,23784,0
-192.00,-49.00,-653.00,23816,0
-209.00,-106.00,-671.00,23849,0
-205.00,-97.00,-660.00,23883,1
-185.00,-96.00,-644.00,23918,0
-177.00,-89.00,-648.00,23951,0
-169.00,-72.00,-634.00,23985,0
-173.00,-56.00,-637.00,24017,0
-183.00,-57.00,-648.00,24051,0
-183.00,-16.00,-648.00,24084,0
-199.00,24.00,-660.00,24118,0
-194.00,150.00,-650.00,24150,0
-188.00,304.00,-633.00,24183,0
-184.00,176.00,-609.00,24216,0
-177.00,-264.00,-552.00,24250,0
-264.00,-916.00,-564.00,24284,0
-441.00,-865.00,-706.00,24318,0
-473.00,-761.00,-729.00,24353,0
-361.00,-576.00,-628.00,24387,0
-244.00,-370.00,-564.00,24422,0
-194.00,-249.00,-580.00,24456,0
-208.00,-216.00,-628.00,24491,0
-194.00,-72.00,-648.00,24524,0
-160.00,30.00,-639.00,24558,0
-148.00,-16.00,-640.00,24590,0
-169.00,-121.00,-648.00,24624,0
-194.00,-157.00,-666.00,24657,0
-175.00,-121.00,-644.00,24692,0
-164.00,-89.00,-644.00,24726,0
-162.00,-57.00,-640.00,24760,1
-185.00,-95.00,-644.00,24794,0
-189.00,-112.00,-644.00,24827,0
-205.00,-64.00,-660.00,24861,0
-212.00,-29.00,-665.00,24895,0
-218.00,-24.00,-673.00,24928,0
-209.00,6.00,-666.00,24962,0
-194.00,30.00,-660.00,24992,0
-175.00,147.00,-648.00,25025,0
-153.00,289.00,-612.00,25058,0
-160.00,182.00,-601.00,25092,0
-153.00,-269.00,-552.00,25124,0
-217.00,-916.00,-552.00,25159,0
-416.00,-847.00,-714.00,25193,0
-434.00,-737.00,-721.00,25228,0
-320.00,-537.00,-625.00,25262,0
-258.00,-372.00,-584.00,25296,0
-224.00,-210.00,-591.00,25330,0
-233.00,-161.00,-628.00,25365,0
-217.00,-97.00,-641.00,25399,0
-196.00,-77.00,-640.00,25433,0
-173.00,-68.00,-642.00,25465,0
-183.00,-84.00,-653.00,25499,0
-178.00,-97.00,-642.00,25532,0
-185.00,-121.00,-649.00,25566,0
-183.00,-106.00,-653.00,25600,1
-185.00,-100.00,-648.00,25635,0
-189.00,-98.00,-656.00,25669,0
-189.00,-77.00,-644.00,25703,0
-180.00,-64.00,-642.00,25736,0
-200.00,-64.00,-655.00,25769,0
-210.00,-57.00,-655.00,25802,0
-228.00,-45.00,-676.00,25836,0
-217.00,-4.00,-657.00,25869,0
-193.00,80.00,-634.00,25902,0
-184.00,300.00,-632.00,25933,0
-177.00,159.00,-601.00,25967,0
-153.00,-573.00,-528.00,26000,0
-244.00,-872.00,-601.00,26035,0
-392.00,-781.00,-712.00,26068,0
-375.00,-706.00,-689.00,26103,0
-296.00,-536.00,-607.00,26137,0
-264.00,-370.00,-593.00,26172,0
-241.00,-191.00,-605.00,26206,0
-232.00,-116.00,-634.00,26241,0
-201.00,-64.00,-648.00,26274,0
-177.00,-40.00,-639.00,26308,0
-162.00,-20.00,-641.00,26341,0
-157.00,-24.00,-644.00,26375,0
-153.00,-64.00,-640.00,26407,0
-170.00,-79.00,-658.00,26441,0
-173.00,-72.00,-658.00,26474,1
-196.00,-98.00,-669.00,26509,0
-191.00,-109.00,-656.00,26542,0
-185.00,-88.00,-648.00,26576,0
-177.00,-65.00,-637.00,26609,0
-196.00,-77.00,-647.00,26643,0
-215.00,-52.00,-660.00,26676,0
-216.00,-15.00,-665.00,26710,0
-207.00,48.00,-656.00,26742,0
-207.00,89.00,-655.00,26775,0
-184.00,176.00,-621.00,26807,0
-157.00,112.00,-576.00,26841,0
-157.00,-458.00,-528.00,26873,0
-231.00,-968.00,-577.00,26908,0
-429.00,-712.00,-717.00,26942,0
-416.00,-669.00,-705.00,26977,0
-336.00,-584.00,-618.00,27011,0
-285.00,-463.00,-589.00,27045,0
-271.00,-288.00,-605.00,27079,0
-244.00,-153.00,-623.00,27114,0
-201.00,-16.00,-625.00,27148,0
-184.00,-1.00,-633.00,27182,0
-170.00,-80.00,-633.00,27213,0
-183.00,-173.00,-639.00,27247,0
-194.00,-185.00,-655.00,27281,0
-194.00,-148.00,-644.00,27316,0
-193.00,-106.00,-642.00,27351,0
-212.00,-93.00,-672.00,27384,0
-200.00,-61.00,-660.00,27418,1
-189.00,-79.00,-640.00,27452,0
-196.00,-148.00,-634.00,27486,0
-207.00,-157.00,-634.00,27520,0
-232.00,-125.00,-656.00,27554,0
-239.00,-104.00,-665.00,27588,0
-226.00,-72.00,-656.00,27623,0
-217.00,-16.00,-657.00,27656,0
-189.00,179.00,-641.00,27689,0
-178.00,147.00,-637.00,27722,0
-164.00,51.00,-583.00,27756,0
-159.00,-548.00,-520.00,27788,0
-287.00,-776.00,-609.00,27823,0
-521.00,-804.00,-800.00,27856,0
-487.00,-644.00,-729.00,27891,0
-296.00,-385.00,-570.00,27925,0
-202.00,-215.00,-548.00,27960,0
-200.00,-199.00,-609.00,27994,0
-226.00,-223.00,-648.00,28028,0
-217.00,-144.00,-645.00,28062,0
-189.00,-80.00,-642.00,28097,0
-152.00,-23.00,-637.00,28130,0
-154.00,-49.00,-642.00,28164,0
-152.00,-119.00,-634.00,28196,0
-168.00,-144.00,-648.00,28231,0
-189.00,-97.00,-656.00,28265,0
-185.00,-97.00,-648.00,28299,1
-196.00,-119.00,-644.00,28333,0
-210.00,-104.00,-656.00,28367,0
-205.00,-89.00,-650.00,28401,0
-224.00,-97.00,-656.00,28435,0
-209.00,-63.00,-655.00,28468,0
-212.00,-16.00,-650.00,28502,0
-200.00,143.00,-648.00,28534,0
-194.00,275.00,-639.00,28568,0
-201.00,126.00,-623.00,28601,0
-178.00,-298.00,-552.00,28635,0
-200.00,-778.00,-520.00,28668,0
-392.00,-775.00,-689.00,28703,0
-452.00,-672.00,-743.00,28737,0
-393.00,-522.00,-669.00,28772,0
-272.00,-369.00,-592.00,28806,0
-249.00,-320.00,-601.00,28840,0
-209.00,-160.00,-609.00,28874,0
-202.00,-80.00,-626.00,28909,0
-183.00,-64.00,-634.00,28942,0
-183.00,-109.00,-640.00,28976,0
-183.00,-160.00,-648.00,29009,0
-178.00,-132.00,-648.00,29044,0
-169.00,-116.00,-625.00,29078,0
-177.00,-133.00,-637.00,29113,0
-225.00,-113.00,-680.00,29148,1
-228.00,-103.00,-679.00,29182,0
-189.00,-125.00,-634.00,29217,0
-192.00,-128.00,-648.00,29251,0
-193.00,-72.00,-648.00,29286,0
-208.00,-52.00,-653.00,29319,0
-212.00,-49.00,-665.00,29352,0
-208.00,-33.00,-665.00,29385,0
-186.00,83.00,-647.00,29419,0
-185.00,176.00,-642.00,29451,0
-168.00,132.00,-605.00,29485,0
-93.00,-212.00,-500.00,29517,0
-93.00,-641.00,-460.00,29551,0
-497.00,-959.00,-769.00,29584,0
-653.00,-808.00,-849.00,29619,0
-356.00,-525.00,-617.00,29652,0
-234.00,-431.00,-559.00,29687,0
-160.00,-420.00,-548.00,29721,0
-193.00,-340.00,-592.00,29756,0
-186.00,-95.00,-616.00,29790,0
-159.00,24.00,-626.00,29824,0
-168.00,24.00,-650.00,29855,0
-170.00,7.00,-649.00,29888,0
-200.00,-52.00,-669.00,29919,0
-221.00,-74.00,-685.00,29953,0
-185.00,-97.00,-644.00,29985,0
-168.00,-97.00,-626.00,30019,1
-177.00,-128.00,-639.00,30053,0
-185.00,-141.00,-648.00,30088,0
-185.00,-95.00,-647.00,30121,0
-193.00,-57.00,-650.00,30155,0
-194.00,14.00,-660.00,30188,0
-208.00,56.00,-669.00,30221,0
-200.00,147.00,-671.00,30253,0
-191.00,185.00,-648.00,30286,0
-160.00,192.00,-600.00,30319,0
-138.00,-146.00,-546.00,30353,0
-116.00,-729.00,-464.00,30387,0
-362.00,-1009.00,-676.00,30422,0
-532.00,-848.00,-800.00,30456,0
-338.00,-568.00,-623.00,30491,0
-241.00,-388.00,-580.00,30525,0
-205.00,-321.00,-562.00,30560,0
-231.00,-193.00,-620.00,30594,0
-231.00,-80.00,-641.00,30628,0
-217.00,-25.00,-656.00,30661,0
-205.00,-45.00,-648.00,30695,0
-193.00,-90.00,-642.00,30728,0
-193.00,-128.00,-639.00,30761,0
-193.00,-120.00,-641.00,30795,0
-193.00,-57.00,-655.00,30830,0
-208.00,-61.00,-665.00,30863,1
-212.00,-104.00,-656.00,30898,0
-224.00,-144.00,-660.00,30931,0
-209.00,-129.00,-653.00,30966,0
-208.00,-121.00,-648.00,31000,0
-186.00,-80.00,-633.00,31035,0
-185.00,-58.00,-631.00,31068,0
-193.00,-4.00,-644.00,31101,0
-199.00,73.00,-648.00,31133,0
-196.00,204.00,-632.00,31166,0
-177.00,64.00,-584.00,31199,0
-168.00,-292.00,-545.00,31232,0
-248.00,-936.00,-559.00,31265,0
-473.00,-927.00,-738.00,31300,0
-464.00,-784.00,-717.00,31334,0
-320.00,-680.00,-607.00,31369,0
-193.00,-481.00,-537.00,31403,0
-153.00,-260.00,-532.00,31437,0
-159.00,-32.00,-596.00,31471,0
-192.00,-16.00,-650.00,31505,0
-216.00,-80.00,-673.00,31538,0
-216.00,-125.00,-665.00,31571,0
-185.00,-127.00,-633.00,31605,0
-201.00,-97.00,-649.00,31640,0
-194.00,-93.00,-648.00,31673,0
-199.00,-143.00,-653.00,31707,0
-196.00,-168.00,-641.00,31740,1
-193.00,-145.00,-626.00,31776,0
-225.00,-143.00,-649.00,31811,0
-232.00,-152.00,-665.00,31845,0
-231.00,-160.00,-656.00,31880,0
-221.00,-153.00,-639.00,31913,0
-228.00,-132.00,-648.00,31948,0
-240.00,-113.00,-663.00,31982,0
-225.00,-89.00,-655.00,32017,0
-209.00,-113.00,-657.00,32050,0
-161.00,-753.00,-543.00,32084,0
-205.00,-881.00,-573.00,32118,0
-322.00,-471.00,-671.00,32153,0
-296.00,-136.00,-648.00,32187,0
-217.00,55.00,-594.00,32222,0
-180.00,137.00,-583.00,32253,0
-177.00,556.00,-569.00,32287,0
-274.00,819.00,-669.00,32320,0
-416.00,728.00,-808.00,32354,0
-346.00,504.00,-728.00,32387,0
-241.00,280.00,-644.00,32420,0
-193.00,120.00,-601.00,32453,0
-152.00,35.00,-575.00,32487,0
-173.00,-164.00,-601.00,32519,0
-192.00,-249.00,-625.00,32553,0
-234.00,-153.00,-665.00,32587,0
-244.00,-61.00,-672.00,32622,0
-226.00,-32.00,-657.00,32655,0
-212.00,-84.00,-648.00,32689,0
-232.00,-103.00,-665.00,32721,2
-225.00,-111.00,-653.00,32757,0
-221.00,-116.00,-653.00,32791,0
-201.00,-113.00,-656.00,32826,0
-193.00,-84.00,-640.00,32860,0
-196.00,-93.00,-641.00,32893,0
-217.00,-137.00,-664.00,32926,0
-212.00,-180.00,-656.00,32961,0
-184.00,-365.00,-625.00,32995,0
-168.00,-564.00,-594.00,33030,0
-185.00,-397.00,-584.00,33063,0
-209.00,-100.00,-583.00,33098,0
-224.00,760.00,-576.00,33132,0
-392.00,1020.00,-753.00,33166,0
-473.00,632.00,-820.00,33200,0
-349.00,428.00,-705.00,33233,0
-237.00,211.00,-615.00,33266,0
-167.00,57.00,-568.00,33300,0
-145.00,-71.00,-568.00,33332,0
-200.00,-98.00,-642.00,33366,0
-221.00,-111.00,-666.00,33398,0
-185.00,-180.00,-649.00,33433,0
-161.00,-193.00,-633.00,33467,0
-183.00,-170.00,-655.00,33502,0
-199.00,-144.00,-665.00,33536,0
-196.00,-81.00,-660.00,33570,0
-169.00,-34.00,-637.00,33603,2
-177.00,-32.00,-642.00,33638,0
-193.00,-84.00,-657.00,33671,0
-212.00,-130.00,-671.00,33704,0
-208.00,-132.00,-669.00,33739,0
-193.00,-132.00,-656.00,33773,0
-177.00,-119.00,-648.00,33808,0
-180.00,-137.00,-660.00,33842,0
-168.00,-173.00,-648.00,33876,0
-136.00,-338.00,-612.00,33910,0
-136.00,-420.00,-607.00,33945,0
-112.00,-409.00,-561.00,33979,0
-130.00,-121.00,-553.00,34014,0
-234.00,860.00,-585.00,34048,0
-477.00,936.00,-794.00,34081,0
-601.00,287.00,-865.00,34114,0
-369.00,152.00,-672.00,34148,0
-225.00,291.00,-618.00,34181,0
-189.00,307.00,-609.00,34214,0
-154.00,126.00,-609.00,34247,0
-159.00,-23.00,-625.00,34281,0
-136.00,-128.00,-616.00,34314,0
-148.00,-111.00,-653.00,34349,0
-136.00,-148.00,-647.00,34382,0
-144.00,-136.00,-649.00,34417,0
-157.00,-61.00,-656.00,34451,2
-177.00,-71.00,-665.00,34486,0
-153.00,-72.00,-644.00,34519,0
-141.00,-84.00,-633.00,34552,0
-167.00,-72.00,-648.00,34585,0
-200.00,-20.00,-656.00,34619,0
-217.00,-4.00,-672.00,34652,0
-231.00,-50.00,-689.00,34684,0
-210.00,-80.00,-672.00,34717,0
-200.00,-128.00,-660.00,34751,0
-153.00,-244.00,-642.00,34785,0
-74.00,-450.00,-573.00,34820,0
-71.00,-362.00,-560.00,34852,0
-125.00,-141.00,-578.00,34886,0
-274.00,448.00,-656.00,34920,0
-441.00,560.00,-769.00,34954,0
-481.00,511.00,-808.00,34987,0
-369.00,462.00,-724.00,35020,0
-200.00,352.00,-609.00,35053,0
-135.00,220.00,-580.00,35087,0
-135.00,127.00,-594.00,35120,0
-162.00,17.00,-628.00,35153,0
-200.00,16.00,-669.00,35185,0
-236.00,32.00,-697.00,35218,0
-196.00,-36.00,-658.00,35250,0
-168.00,-39.00,-640.00,35283,0
-165.00,-39.00,-648.00,35316,0
-164.00,-57.00,-650.00,35350,0
-135.00,-89.00,-623.00,35383,2
-143.00,-143.00,-632.00,35418,0
-173.00,-128.00,-648.00,35451,0
-201.00,-84.00,-672.00,35486,0
-212.00,-68.00,-673.00,35519,0
-200.00,-77.00,-672.00,35553,0
-189.00,-61.00,-665.00,35586,0
-180.00,-148.00,-656.00,35619,0
-146.00,-288.00,-616.00,35653,0
-146.00,-367.00,-605.00,35688,0
-168.00,-360.00,-616.00,35722,0
-178.00,-333.00,-596.00,35757,0
-231.00,-57.00,-601.00,35790,0
-288.00,547.00,-625.00,35824,0
-392.00,760.00,-717.00,35857,0
-417.00,812.00,-792.00,35891,0
-290.00,729.00,-698.00,35923,0
-153.00,432.00,-592.00,35957,0
-113.00,232.00,-576.00,35990,0
-119.00,48.00,-596.00,36024,0
-168.00,-13.00,-641.00,36056,0
-176.00,-114.00,-656.00,36089,0
-192.00,-132.00,-674.00,36123,0
-189.00,-64.00,-665.00,36158,0
-164.00,24.00,-648.00,36191,0
-151.00,19.00,-637.00,36224,0
-151.00,-57.00,-633.00,36255,0
-168.00,-170.00,-632.00,36289,0
-205.00,-57.00,-656.00,36323,2
-233.00,7.00,-674.00,36358,0
-242.00,-20.00,-697.00,36389,0
-221.00,-20.00,-680.00,36422,0
-193.00,-2.00,-665.00,36455,0
-176.00,15.00,-648.00,36488,0
-157.00,-2.00,-642.00,36519,0
-153.00,-77.00,-644.00,36552,0
-125.00,-274.00,-610.00,36585,0
-122.00,-409.00,-601.00,36620,0
-176.00,-392.00,-621.00,36654,0
-207.00,-340.00,-609.00,36688,0
-285.00,104.00,-561.00,36722,0
-328.00,705.00,-580.00,36756,0
-490.00,752.00,-783.00,36789,0
-481.00,649.00,-820.00,36823,0
-288.00,526.00,-672.00,36855,0
-143.00,399.00,-568.00,36889,0
-105.00,368.00,-537.00,36922,0
-184.00,326.00,-605.00,36956,0
-264.00,313.00,-687.00,36988,0
-285.00,222.00,-720.00,37022,0
-200.00,-185.00,-633.00,37055,0
-89.00,-450.00,-559.00,37090,0
-136.00,-276.00,-616.00,37123,0
-178.00,-104.00,-647.00,37157,0
-185.00,-20.00,-648.00,37191,0
-178.00,-61.00,-633.00,37225,0
-217.00,-132.00,-648.00,37258,2
-249.00,-93.00,-665.00,37294,0
-282.00,-74.00,-697.00,37326,0
-244.00,-73.00,-672.00,37360,0
-196.00,-168.00,-621.00,37393,0
-208.00,-240.00,-632.00,37428,0
-240.00,-273.00,-653.00,37462,0
-240.00,-272.00,-633.00,37496,0
-225.00,-185.00,-631.00,37530,0
-205.00,-160.00,-616.00,37565,0
-177.00,-177.00,-576.00,37600,0
-194.00,88.00,-569.00,37634,0
-298.00,711.00,-631.00,37666,0
-440.00,752.00,-761.00,37699,0
-429.00,607.00,-749.00,37733,0
-336.00,464.00,-660.00,37766,0
-290.00,385.00,-625.00,37799,0
-249.00,184.00,-601.00,37832,0
-241.00,-2.00,-609.00,37865,0
-239.00,-178.00,-637.00,37898,0
-257.00,-64.00,-657.00,37932,0
-249.00,108.00,-658.00,37965,0
-233.00,88.00,-653.00,37998,0
-201.00,24.00,-634.00,38031,0
-168.00,-49.00,-624.00,38063,0
-168.00,-32.00,-623.00,38096,0
-221.00,22.00,-672.00,38129,2
-228.00,-1.00,-660.00,38163,0
-234.00,-45.00,-655.00,38195,0
-249.00,-16.00,-672.00,38228,0
-247.00,7.00,-669.00,38261,0
-249.00,-15.00,-656.00,38293,0
-210.00,-32.00,-623.00,38326,0
-210.00,-61.00,-623.00,38360,0
-231.00,-105.00,-649.00,38392,0
-232.00,-160.00,-647.00,38427,0
-221.00,-177.00,-628.00,38461,0
-207.00,-137.00,-601.00,38496,0
-224.00,272.00,-576.00,38530,0
-266.00,595.00,-585.00,38563,0
-529.00,600.00,-849.00,38597,0
-552.00,585.00,-829.00,38630,0
-353.00,489.00,-644.00,38664,0
-256.00,278.00,-585.00,38696,0
-185.00,9.00,-537.00,38729,0
-240.00,-81.00,-625.00,38761,0
-272.00,-48.00,-672.00,38794,0
-260.00,-47.00,-672.00,38828,0
-205.00,-136.00,-637.00,38860,0
-185.00,-148.00,-620.00,38895,0
-217.00,-93.00,-655.00,38929,0
-212.00,-66.00,-653.00,38963,0
-212.00,-90.00,-649.00,38995,2
-199.00,-111.00,-625.00,39030,0
-224.00,-104.00,-648.00,39065,0
-249.00,-80.00,-669.00,39099,0
-247.00,-31.00,-658.00,39133,0
-231.00,-42.00,-649.00,39165,0
-205.00,-136.00,-637.00,39199,0
-202.00,-215.00,-637.00,39233,0
-202.00,-381.00,-625.00,39268,0
-193.00,-424.00,-609.00,39302,0
-185.00,-253.00,-585.00,39336,0
-189.00,-10.00,-569.00,39370,0
-234.00,622.00,-578.00,39404,0
-407.00,856.00,-729.00,39437,0
-521.00,716.00,-841.00,39471,0
-360.00,456.00,-689.00,39503,0
-260.00,271.00,-612.00,39537,0
-225.00,217.00,-615.00,39570,0
-217.00,207.00,-625.00,39604,0
-217.00,60.00,-631.00,39636,0
-183.00,-24.00,-616.00,39669,0
-193.00,-41.00,-639.00,39702,0
-193.00,-16.00,-657.00,39736,0
-184.00,-50.00,-653.00,39769,0
-164.00,-121.00,-626.00,39802,0
-173.00,-149.00,-633.00,39836,0
-177.00,-160.00,-625.00,39871,2
-185.00,-144.00,-637.00,39906,0
-217.00,-97.00,-673.00,39941,0
-241.00,-33.00,-689.00,39973,0
-225.00,-25.00,-655.00,40007,0
-208.00,-29.00,-632.00,40040,0
-225.00,-56.00,-657.00,40074,0
-248.00,-72.00,-673.00,40107,0
-226.00,-143.00,-653.00,40140,0
-192.00,-232.00,-625.00,40174,0
-180.00,-305.00,-621.00,40209,0
-177.00,-313.00,-615.00,40243,0
-153.00,-271.00,-584.00,40278,0
-157.00,-104.00,-557.00,40311,0
-231.00,398.00,-576.00,40346,0
-372.00,659.00,-669.00,40379,0
-573.00,704.00,-849.00,40413,0
-548.00,631.00,-800.00,40445,0
-391.00,497.00,-669.00,40479,0
-249.00,247.00,-580.00,40512,0
-194.00,62.00,-561.00,40546,0
-225.00,-66.00,-625.00,40578,0
-234.00,-73.00,-655.00,40611,0
-208.00,-89.00,-644.00,40644,0
-138.00,-160.00,-600.00,40678,0
-144.00,-159.00,-618.00,40712,0
-200.00,-113.00,-657.00,40747,0
-205.00,-113.00,-656.00,40780,2
-209.00,-121.00,-645.00,40816,0
-216.00,-121.00,-650.00,40850,0
-233.00,-132.00,-665.00,40885,0
-223.00,-104.00,-648.00,40919,0
-221.00,-113.00,-633.00,40953,0
-217.00,-109.00,-641.00,40987,0
-241.00,-104.00,-658.00,41022,0
-241.00,-146.00,-656.00,41056,0
-226.00,-193.00,-641.00,41091,0
-205.00,-285.00,-637.00,41124,0
-196.00,-292.00,-609.00,41159,0
-193.00,-66.00,-591.00,41193,0
-233.00,248.00,-589.00,41227,0
-305.00,608.00,-648.00,41261,0
-461.00,584.00,-793.00,41293,0
-445.00,476.00,-744.00,41327,0
-329.00,345.00,-650.00,41360,0
-264.00,198.00,-623.00,41394,0
-225.00,88.00,-608.00,41426,0
-202.00,-40.00,-608.00,41458,0
-177.00,-153.00,-618.00,41492,0
-185.00,-137.00,-637.00,41527,0
-192.00,-42.00,-642.00,41561,0
-208.00,3.00,-655.00,41593,0
-217.00,-7.00,-656.00,41625,0
-224.00,-84.00,-650.00,41657,0
-240.00,-89.00,-655.00,41691,0
-264.00,-16.00,-669.00,41723,0
-240.00,12.00,-641.00,41757,2
-247.00,-36.00,-644.00,41790,0
-253.00,-77.00,-653.00,41824,0
-249.00,-49.00,-653.00,41857,0
-247.00,-52.00,-650.00,41890,0
-241.00,-36.00,-650.00,41923,0
-247.00,-34.00,-660.00,41957,0
-244.00,-77.00,-656.00,41990,0
-241.00,-144.00,-647.00,42023,0
-208.00,-321.00,-609.00,42058,0
-193.00,-327.00,-592.00,42092,0
-253.00,-141.00,-632.00,42127,0
-257.00,536.00,-576.00,42161,0
-288.00,903.00,-602.00,42194,0
-441.00,768.00,-769.00,42227,0
-460.00,511.00,-785.00,42261,0
-308.00,339.00,-644.00,42294,0
-234.00,127.00,-596.00,42328,0
-217.00,-16.00,-592.00,42360,0
-217.00,-145.00,-621.00,42394,0
-216.00,-226.00,-633.00,42428,0
-217.00,-208.00,-653.00,42463,0
-232.00,-69.00,-658.00,42497,0
-253.00,6.00,-658.00,42530,0
-240.00,-84.00,-665.00,42561,0
-217.00,-90.00,-655.00,42595,0
-199.00,-64.00,-648.00,42628,0
-176.00,-49.00,-633.00,42661,0
-160.00,-32.00,-628.00,42694,0
-175.00,-40.00,-656.00,42728,0
-189.00,-66.00,-663.00,42761,0
-185.00,-100.00,-660.00,42795,0
-185.00,-112.00,-663.00,42828,0
-178.00,-116.00,-656.00,42863,0
-183.00,-133.00,-653.00,42897,0
-177.00,-89.00,-642.00,42932,0
-173.00,-64.00,-634.00,42964,0
-167.00,-141.00,-624.00,42998,0
-159.00,-216.00,-601.00,43032,0
-144.00,-200.00,-586.00,43067,0
-168.00,87.00,-592.00,43101,0
-336.00,455.00,-703.00,43133,0
-416.00,444.00,-765.00,43166,0
-392.00,550.00,-733.00,43200,0
-311.00,480.00,-660.00,43233,0
-263.00,328.00,-634.00,43267,0
-236.00,63.00,-618.00,43299,0
-212.00,-49.00,-618.00,43332,0
-232.00,-20.00,-650.00,43365,0
-212.00,-45.00,-653.00,43399,0
-200.00,-84.00,-639.00,43431,0
-185.00,-95.00,-633.00,43465,0
-208.00,-97.00,-656.00,43498,0
-225.00,-4.00,-671.00,43532,0
-249.00,-40.00,-701.00,43564,2
-185.00,-40.00,-633.00,43598,0
-170.00,-97.00,-621.00,43631,0
-180.00,-119.00,-628.00,43665,0
-177.00,-90.00,-633.00,43699,0
-193.00,-96.00,-655.00,43732,0
-189.00,-113.00,-658.00,43765,0
-194.00,-133.00,-666.00,43800,0
-200.00,-161.00,-658.00,43834,0
-184.00,-221.00,-648.00,43869,0
-152.00,-369.00,-605.00,43902,0
-132.00,-369.00,-568.00,43937,0
-180.00,-64.00,-585.00,43971,0
-272.00,353.00,-644.00,44005,0
-385.00,519.00,-733.00,44038,0
-407.00,444.00,-746.00,44071,0
-377.00,399.00,-714.00,44104,0
-329.00,353.00,-673.00,44138,0
-269.00,268.00,-640.00,44171,0
-225.00,134.00,-632.00,44205,0
-173.00,-58.00,-610.00,44237,0
-141.00,-144.00,-615.00,44271,0
-157.00,-71.00,-634.00,44305,0
-173.00,55.00,-656.00,44339,0
-180.00,60.00,-665.00,44370,0
-173.00,15.00,-655.00,44403,0
-191.00,-36.00,-681.00,44435,0
-169.00,-81.00,-657.00,44469,2
-116.00,-73.00,-617.00,44503,0
-116.00,-100.00,-621.00,44536,0
-136.00,-143.00,-640.00,44570,0
-157.00,-148.00,-648.00,44605,0
-189.00,-97.00,-665.00,44639,0
-208.00,-65.00,-669.00,44673,0
-225.00,-72.00,-680.00,44705,0
-218.00,-128.00,-672.00,44739,0
-164.00,-305.00,-621.00,44773,0
-144.00,-377.00,-600.00,44808,0
-157.00,-282.00,-584.00,44841,0
-189.00,-109.00,-596.00,44876,0
-289.00,335.00,-661.00,44910,0
-388.00,591.00,-708.00,44944,0
-416.00,625.00,-740.00,44977,0
-377.00,515.00,-749.00,45010,0
-292.00,407.00,-680.00,45043,0
-168.00,291.00,-596.00,45077,0
-160.00,280.00,-615.00,45110,0
-160.00,184.00,-634.00,45144,0
-144.00,49.00,-625.00,45176,0
-121.00,-119.00,-621.00,45209,0
-148.00,-144.00,-656.00,45243,0
-164.00,-57.00,-669.00,45278,0
-164.00,172.00,-665.00,45310,0
-176.00,127.00,-663.00,45344,0
-138.00,-48.00,-625.00,45377,0
-145.00,-161.00,-624.00,45411,0
-177.00,-169.00,-644.00,45445,2
-208.00,-157.00,-669.00,45480,0
-217.00,-141.00,-676.00,45514,0
-212.00,-144.00,-669.00,45549,0
-210.00,-130.00,-656.00,45583,0
-218.00,-114.00,-663.00,45618,0
-202.00,-128.00,-656.00,45651,0
-180.00,-144.00,-641.00,45686,0
-148.00,-216.00,-623.00,45721,0
-127.00,-303.00,-601.00,45755,0
-93.00,-290.00,-557.00,45790,0
-114.00,-16.00,-554.00,45822,0
-281.00,604.00,-680.00,45856,0
-396.00,595.00,-754.00,45889,0
-433.00,492.00,-784.00,45923,0
-401.00,433.00,-737.00,45956,0
-288.00,280.00,-640.00,45989,0
-239.00,204.00,-617.00,46022,0
-200.00,97.00,-601.00,46056,0
-180.00,12.00,-626.00,46088,0
-159.00,-71.00,-618.00,46119,0
-145.00,-116.00,-625.00,46153,0
-153.00,-109.00,-640.00,46188,0
-186.00,-81.00,-665.00,46222,0
-207.00,-16.00,-672.00,46256,0
-218.00,-8.00,-682.00,46288,0
-208.00,-64.00,-672.00,46321,0
-200.00,-77.00,-648.00,46354,2
-167.00,-45.00,-612.00,46389,0
-194.00,-57.00,-648.00,46422,0
-202.00,-68.00,-663.00,46455,0
-196.00,-93.00,-665.00,46488,0
-200.00,-109.00,-665.00,46522,0
-189.00,-88.00,-658.00,46556,0
-177.00,-121.00,-648.00,46589,0
-146.00,-244.00,-625.00,46623,0
-116.00,-345.00,-593.00,46658,0
-80.00,-189.00,-530.00,46692,0
-136.00,236.00,-537.00,46726,0
-397.00,553.00,-736.00,46758,0
-512.00,515.00,-823.00,46792,0
-498.00,511.00,-778.00,46825,0
-369.00,424.00,-672.00,46859,0
-285.00,321.00,-616.00,46892,0
-232.00,195.00,-616.00,46925,0
-210.00,67.00,-613.00,46958,0
-164.00,-100.00,-617.00,46991,0
-153.00,-184.00,-621.00,47025,0
-129.00,-226.00,-615.00,47059,0
-157.00,-104.00,-634.00,47093,0
-226.00,-16.00,-685.00,47128,0
-244.00,-49.00,-704.00,47161,0
-210.00,-119.00,-666.00,47195,0
-180.00,-80.00,-648.00,47228,2
-146.00,-80.00,-624.00,47263,0
-144.00,-90.00,-628.00,47296,0
-151.00,-119.00,-641.00,47330,0
-173.00,-146.00,-660.00,47364,0
-173.00,-120.00,-660.00,47398,0
-168.00,-97.00,-658.00,47432,0
-160.00,-103.00,-656.00,47466,0
-157.00,-141.00,-648.00,47500,0
-121.00,-343.00,-617.00,47535,0
-100.00,-512.00,-567.00,47568,0
-125.00,-269.00,-541.00,47603,0
-241.00,216.00,-624.00,47637,0
-388.00,609.00,-724.00,47671,0
-463.00,595.00,-772.00,47704,0
-449.00,638.00,-761.00,47737,0
-333.00,537.00,-672.00,47770,0
-269.00,417.00,-637.00,47804,0
-192.00,177.00,-602.00,47837,0
-170.00,55.00,-605.00,47870,0
-177.00,-9.00,-626.00,47902,0
-162.00,-169.00,-632.00,47935,0
-154.00,-180.00,-640.00,47969,0
-180.00,-129.00,-665.00,48004,0
-173.00,-116.00,-657.00,48037,0
-153.00,-128.00,-637.00,48072,0
-176.00,-127.00,-656.00,48106,0
-191.00,-93.00,-660.00,48141,0
-185.00,-66.00,-650.00,48174,2
-164.00,-87.00,-641.00,48208,0
-176.00,-97.00,-656.00,48241,0
-173.00,-121.00,-656.00,48275,0
-173.00,-168.00,-660.00,48309,0
-170.00,-200.00,-657.00,48344,0
-160.00,-205.00,-655.00,48377,0
-148.00,-271.00,-628.00,48412,0
-152.00,-351.00,-621.00,48446,0
-218.00,-241.00,-648.00,48481,0
-207.00,-64.00,-605.00,48515,0
-217.00,231.00,-592.00,48548,0
-212.00,591.00,-600.00,48582,0
-340.00,801.00,-761.00,48615,0
-320.00,743.00,-738.00,48649,0
-209.00,448.00,-640.00,48681,0
-196.00,287.00,-640.00,48715,0
-185.00,249.00,-639.00,48748,0
-178.00,192.00,-639.00,48782,0
-153.00,92.00,-642.00,48815,0
-125.00,-113.00,-634.00,48847,0
-119.00,-160.00,-626.00,48881,0
-130.00,-112.00,-655.00,48916,0
-121.00,-122.00,-648.00,48950,0
-106.00,-93.00,-641.00,48985,0
-136.00,-61.00,-658.00,49017,0
-153.00,-49.00,-657.00,49051,0
-170.00,-55.00,-660.00,49084,2
-175.00,-42.00,-665.00,49119,0
-180.00,-55.00,-669.00,49152,0
-164.00,-72.00,-669.00,49185,0
-157.00,-90.00,-665.00,49218,0
-146.00,-122.00,-656.00,49252,0
-129.00,-200.00,-633.00,49286,0
-121.00,-225.00,-632.00,49320,0
-121.00,-305.00,-631.00,49354,0
-119.00,-400.00,-602.00,49389,0
-120.00,-276.00,-562.00,49423,0
-200.00,291.00,-637.00,49458,0
-297.00,734.00,-712.00,49490,0
-327.00,719.00,-722.00,49524,0
-320.00,631.00,-722.00,49557,0
-285.00,487.00,-676.00,49591,0
-264.00,352.00,-644.00,49624,0
-272.00,252.00,-655.00,49657,0
-265.00,115.00,-669.00,49690,0
-193.00,-45.00,-624.00,49724,0
-145.00,-208.00,-596.00,49757,0
-144.00,-194.00,-626.00,49792,0
-170.00,-49.00,-658.00,49825,0
-183.00,-9.00,-677.00,49859,0
-175.00,-45.00,-672.00,49891,0
-146.00,-95.00,-656.00,49925,0
-151.00,-113.00,-657.00,49957,2
-116.00,-121.00,-633.00,49993,0
-116.00,-122.00,-640.00,50027,0
-116.00,-154.00,-648.00,50062,0
-128.00,-178.00,-648.00,50096,0
-144.00,-177.00,-650.00,50130,0
-145.00,-168.00,-644.00,50164,0
-137.00,-298.00,-637.00,50199,0
-159.00,-349.00,-655.00,50233,0
-130.00,-429.00,-616.00,50268,0
-81.00,-385.00,-541.00,50301,0
-93.00,46.00,-532.00,50335,0
-157.00,787.00,-591.00,50367,0
-349.00,688.00,-729.00,50400,0
-452.00,472.00,-809.00,50433,0
-441.00,300.00,-783.00,50466,0
-320.00,224.00,-666.00,50499,0
-269.00,304.00,-632.00,50533,0
-264.00,296.00,-655.00,50566,0
-296.00,207.00,-690.00,50599,0
-221.00,-71.00,-637.00,50632,0
-113.00,-292.00,-548.00,50666,0
-120.00,-244.00,-601.00,50700,0
-159.00,-151.00,-648.00,50735,0
-193.00,-109.00,-688.00,50768,0
-162.00,-141.00,-656.00,50803,0
-136.00,-168.00,-640.00,50837,2
-145.00,-127.00,-653.00,50873,0
-176.00,-80.00,-660.00,50907,0
-176.00,-79.00,-665.00,50940,0
-135.00,-146.00,-633.00,50973,0
-100.00,-337.00,-609.00,51008,0
-105.00,-399.00,-617.00,51042,0
-148.00,-298.00,-642.00,51077,0
-178.00,-234.00,-637.00,51111,0
-184.00,-247.00,-625.00,51145,0
-194.00,-144.00,-616.00,51180,0
-177.00,86.00,-580.00,51214,0
-144.00,790.00,-543.00,51247,0
-217.00,1143.00,-596.00,51279,0
-477.00,748.00,-833.00,51314,0
-476.00,361.00,-776.00,51347,0
-372.00,204.00,-671.00,51381,0
-317.00,220.00,-637.00,51414,0
-272.00,192.00,-631.00,51447,0
-196.00,39.00,-605.00,51480,0
-178.00,-41.00,-625.00,51513,0
-146.00,-127.00,-621.00,51546,0
-122.00,-113.00,-609.00,51580,0
-136.00,-157.00,-628.00,51614,0
-157.00,-157.00,-648.00,51649,0
-221.00,-88.00,-701.00,51683,0
-201.00,-79.00,-665.00,51717,2
-168.00,-125.00,-637.00,51750,0
-160.00,-121.00,-631.00,51785,0
-168.00,-68.00,-649.00,51819,0
-177.00,-45.00,-655.00,51853,0
-164.00,-77.00,-653.00,51886,0
-168.00,-116.00,-650.00,51919,0
-193.00,-177.00,-660.00,51953,0
-202.00,-208.00,-680.00,51988,0
-170.00,-215.00,-648.00,52022,0
-153.00,-184.00,-644.00,52057,0
-132.00,-148.00,-605.00,52090,0
-129.00,-164.00,-584.00,52125,0
-160.00,-77.00,-585.00,52159,0
-225.00,231.00,-628.00,52193,0
-377.00,1147.00,-733.00,52226,0
-418.00,872.00,-776.00,52260,0
-320.00,352.00,-685.00,52293,0
-225.00,39.00,-618.00,52327,0
-193.00,73.00,-617.00,52359,0
-177.00,96.00,-633.00,52391,0
-167.00,7.00,-633.00,52423,0
-129.00,-136.00,-612.00,52455,0
-152.00,-192.00,-642.00,52489,0
-170.00,-151.00,-650.00,52524,0
-141.00,-154.00,-612.00,52557,0
-168.00,-233.00,-642.00,52592,0
-180.00,-221.00,-656.00,52626,2
-193.00,-180.00,-657.00,52662,0
-186.00,-180.00,-656.00,52696,0
-161.00,-144.00,-650.00,52730,0
-151.00,-144.00,-637.00,52764,0
-136.00,-208.00,-621.00,52799,0
-153.00,-208.00,-644.00,52833,0
-177.00,-184.00,-663.00,52868,0
-162.00,-200.00,-653.00,52901,0
-144.00,-221.00,-633.00,52936,0
-128.00,-232.00,-602.00,52970,0
-137.00,-4.00,-592.00,53005,0
-200.00,366.00,-633.00,53037,0
-296.00,636.00,-698.00,53070,0
-360.00,574.00,-772.00,53103,0
-369.00,335.00,-729.00,53137,0
-253.00,71.00,-634.00,53170,0
-194.00,-5.00,-615.00,53202,0
-144.00,87.00,-605.00,53234,0
-152.00,115.00,-648.00,53267,0
-154.00,67.00,-664.00,53300,0
-121.00,-61.00,-644.00,53332,0
-113.00,-157.00,-628.00,53365,0
-141.00,-144.00,-649.00,53400,0
-177.00,-113.00,-660.00,53434,0
-193.00,-47.00,-665.00,53469,0
-215.00,-66.00,-680.00,53501,0
-189.00,-58.00,-640.00,53535,2
-205.00,-58.00,-637.00,53569,0
-228.00,-84.00,-669.00,53603,0
-221.00,-64.00,-672.00,53636,0
-210.00,-66.00,-656.00,53669,0
-185.00,-148.00,-637.00,53702,0
-184.00,-173.00,-649.00,53737,0
-189.00,-241.00,-656.00,53771,0
-177.00,-272.00,-637.00,53806,0
-160.00,-183.00,-602.00,53840,0
-162.00,48.00,-580.00,53874,0
-208.00,486.00,-610.00,53907,0
-305.00,671.00,-692.00,53940,0
-409.00,643.00,-788.00,53974,0
-337.00,531.00,-705.00,54006,0
-239.00,207.00,-631.00,54040,0
-208.00,103.00,-618.00,54073,0
-200.00,12.00,-623.00,54106,0
-208.00,-24.00,-656.00,54138,0
-200.00,-68.00,-658.00,54171,0
-162.00,-114.00,-633.00,54205,0
-157.00,-116.00,-625.00,54240,0
-170.00,-89.00,-644.00,54274,0
-178.00,-49.00,-656.00,54306,0
-173.00,-13.00,-653.00,54340,0
-185.00,-7.00,-656.00,54373,2
-193.00,-56.00,-663.00,54407,0
-193.00,-120.00,-649.00,54440,0
-202.00,-106.00,-663.00,54474,0
-205.00,-88.00,-656.00,54509,0
-185.00,-52.00,-642.00,54542,0
-193.00,-49.00,-653.00,54576,0
-207.00,-89.00,-669.00,54608,0
-185.00,-186.00,-658.00,54642,0
-153.00,-228.00,-633.00,54676,0
-130.00,-200.00,-621.00,54711,0
-116.00,-173.00,-601.00,54745,0
-128.00,-127.00,-584.00,54779,0
-189.00,249.00,-602.00,54813,0
-361.00,927.00,-733.00,54847,0
-456.00,659.00,-818.00,54880,0
-317.00,158.00,-685.00,54914,0
-248.00,-57.00,-633.00,54946,0
-225.00,-50.00,-621.00,54980,0
-225.00,-20.00,-633.00,55013,0
-232.00,-40.00,-656.00,55047,0
-237.00,-143.00,-672.00,55079,0
-208.00,-207.00,-648.00,55114,0
-175.00,-200.00,-628.00,55148,0
-160.00,-161.00,-621.00,55183,0
-183.00,-113.00,-664.00,55217,2
-170.00,-104.00,-647.00,55252,0
-161.00,-164.00,-644.00,55286,0
-153.00,-193.00,-641.00,55321,0
-153.00,-177.00,-642.00,55355,0
-175.00,-148.00,-649.00,55390,0
-180.00,-135.00,-648.00,55424,0
-175.00,-186.00,-641.00,55458,0
-169.00,-248.00,-639.00,55492,0
-160.00,-330.00,-624.00,55527,0
-152.00,-336.00,-602.00,55561,0
-146.00,-221.00,-573.00,55596,0
-193.00,231.00,-580.00,55629,0
-365.00,732.00,-738.00,55663,0
-463.00,607.00,-834.00,55696,0
-317.00,319.00,-688.00,55730,0
-269.00,208.00,-648.00,55762,0
-260.00,182.00,-656.00,55796,0
-225.00,115.00,-628.00,55829,0
-191.00,-72.00,-616.00,55863,0
-154.00,-333.00,-607.00,55896,0
-173.00,-328.00,-621.00,55930,0
-212.00,-109.00,-660.00,55964,0
-237.00,39.00,-697.00,55999,0
-202.00,3.00,-672.00,56031,0
-173.00,-66.00,-642.00,56062,0
-173.00,-157.00,-648.00,56095,2
-148.00,-177.00,-634.00,56131,0
-151.00,-185.00,-644.00,56165,0
-148.00,-184.00,-650.00,56200,0
-138.00,-169.00,-648.00,56233,0
-141.00,-200.00,-634.00,56268,0
-144.00,-157.00,-640.00,56303,0
-153.00,-63.00,-642.00,56337,0
-173.00,-89.00,-640.00,56370,0
-173.00,-95.00,-633.00,56403,0
-153.00,67.00,-605.00,56436,0
-160.00,432.00,-585.00,56469,0
-241.00,659.00,-656.00,56503,0
-436.00,444.00,-823.00,56536,0
-433.00,110.00,-753.00,56569,0
-345.00,-173.00,-680.00,56602,0
-313.00,-144.00,-672.00,56637,0
-223.00,-64.00,-616.00,56671,0
-161.00,-58.00,-592.00,56705,0
-128.00,-97.00,-615.00,56737,0
-129.00,-97.00,-637.00,56771,0
-135.00,-68.00,-641.00,56804,0
-144.00,-15.00,-653.00,56838,0
-162.00,-95.00,-657.00,56870,0
-189.00,-167.00,-666.00,56904,0
-199.00,-127.00,-680.00,56938,2
-193.00,-120.00,-672.00,56974,0
-145.00,-97.00,-640.00,57008,0
-128.00,-104.00,-625.00,57041,0
-144.00,-96.00,-625.00,57075,0
-153.00,-68.00,-625.00,57109,0
-178.00,-98.00,-656.00,57142,0
-200.00,-177.00,-679.00,57176,0
-180.00,-265.00,-657.00,57209,0
-169.00,-298.00,-633.00,57244,0
-157.00,-244.00,-601.00,57278,0
-144.00,-36.00,-569.00,57313,0
-209.00,499.00,-609.00,57346,0
-417.00,783.00,-762.00,57379,0
-477.00,521.00,-825.00,57412,0
-322.00,185.00,-689.00,57446,0
-269.00,102.00,-653.00,57479,0
-178.00,24.00,-605.00,57512,0
-154.00,-36.00,-616.00,57544,0
-162.00,-97.00,-640.00,57578,0
-168.00,-151.00,-673.00,57611,0
-137.00,-196.00,-640.00,57646,0
-113.00,-137.00,-618.00,57679,0
-104.00,-112.00,-617.00,57714,0
-144.00,-176.00,-666.00,57748,0
-148.00,-152.00,-665.00,57783,2
-136.00,-205.00,-633.00,57818,0
-121.00,-249.00,-633.00,57852,0
-141.00,-237.00,-648.00,57886,0
-152.00,-200.00,-648.00,57921,0
-152.00,-193.00,-648.00,57955,0
-159.00,-169.00,-649.00,57990,0
-153.00,-183.00,-647.00,58023,0
-164.00,-224.00,-665.00,58058,0
-151.00,-241.00,-640.00,58092,0
-129.00,-317.00,-633.00,58127,0
-98.00,-404.00,-584.00,58161,0
-93.00,-242.00,-561.00,58194,0
-130.00,-15.00,-576.00,58227,0
-272.00,327.00,-671.00,58261,0
-407.00,511.00,-793.00,58294,0
-481.00,478.00,-826.00,58328,0
-313.00,329.00,-692.00,58360,0
-240.00,198.00,-639.00,58394,0
-176.00,16.00,-594.00,58427,0
-186.00,-29.00,-626.00,58460,0
-185.00,-144.00,-637.00,58492,0
-151.00,-226.00,-621.00,58527,0
-153.00,-239.00,-634.00,58561,0
-193.00,-154.00,-664.00,58596,0
-200.00,-164.00,-669.00,58630,0
-200.00,-177.00,-672.00,58664,2
-161.00,-167.00,-632.00,58700,0
-160.00,-162.00,-644.00,58734,0
-145.00,-132.00,-639.00,58769,0
-146.00,-135.00,-637.00,58803,0
-152.00,-145.00,-632.00,58838,0
-177.00,-170.00,-660.00,58871,0
-183.00,-212.00,-660.00,58906,0
-189.00,-336.00,-648.00,58940,0
-175.00,-493.00,-632.00,58975,0
-152.00,-520.00,-585.00,59009,0
-162.00,-308.00,-564.00,59043,0
-233.00,319.00,-596.00,59077,0
-370.00,711.00,-730.00,59111,0
-372.00,686.00,-765.00,59144,0
-285.00,524.00,-689.00,59177,0
-205.00,316.00,-648.00,59210,0
-178.00,200.00,-634.00,59244,0
-177.00,104.00,-634.00,59277,0
-202.00,-25.00,-669.00,59311,0
-212.00,-80.00,-672.00,59343,0
-157.00,-168.00,-628.00,59377,0
-127.00,-184.00,-615.00,59411,0
-132.00,-153.00,-628.00,59446,0
-128.00,-152.00,-625.00,59480,0
-167.00,-148.00,-665.00,59514,0
-161.00,-136.00,-650.00,59548,2
-157.00,-168.00,-647.00,59584,0
-177.00,-144.00,-669.00,59618,0
-185.00,-103.00,-676.00,59653,0
-173.00,-105.00,-665.00,59686,0
-157.00,-105.00,-653.00,59721,0
-138.00,-175.00,-632.00,59755,0
-141.00,-212.00,-618.00,59790,0
-141.00,-381.00,-616.00,59824,0
-132.00,-461.00,-601.00,59858,0
-137.00,-269.00,-592.00,59892,0
-169.00,79.00,-596.00,59927,0
-320.00,604.00,-701.00,59959,0
-399.00,576.00,-785.00,59993,0
-410.00,415.00,-794.00,60025,0
-265.00,268.00,-663.00,60059,0
-160.00,87.00,-589.00,60092,0
-144.00,-32.00,-592.00,60125,0
-175.00,-114.00,-633.00,60157,0
-223.00,-157.00,-679.00,60192,0
-208.00,-159.00,-665.00,60226,0
-173.00,-178.00,-637.00,60261,0
-153.00,-193.00,-621.00,60296,0
-176.00,-175.00,-653.00,60329,0
-205.00,-144.00,-665.00,60364,2
-192.00,-125.00,-650.00,60399,0
-180.00,-120.00,-644.00,60434,0
-176.00,-152.00,-637.00,60468,0
-189.00,-183.00,-656.00,60503,0
-199.00,-180.00,-663.00,60536,0
-176.00,-151.00,-648.00,60571,0
-164.00,-185.00,-633.00,60605,0
-153.00,-301.00,-628.00,60640,0
-136.00,-455.00,-610.00,60674,0
-141.00,-461.00,-589.00,60708,0
-164.00,-249.00,-569.00,60742,0
-239.00,147.00,-584.00,60777,0
-381.00,536.00,-712.00,60810,0
-441.00,609.00,-815.00,60844,0
-340.00,593.00,-730.00,60876,0
-228.00,447.00,-655.00,60910,0
-212.00,275.00,-625.00,60943,0
-205.00,49.00,-625.00,60977,0
-217.00,-143.00,-644.00,61008,0
-223.00,-237.00,-664.00,61043,0
-218.00,-208.00,-672.00,61077,0
-168.00,-176.00,-639.00,61112,0
-138.00,-193.00,-609.00,61146,0
-121.00,-162.00,-599.00,61180,0
-159.00,-136.00,-640.00,61214,0
-183.00,-129.00,-658.00,61249,0
-194.00,-144.00,-669.00,61283,2
-185.00,-185.00,-660.00,61319,0
-186.00,-185.00,-669.00,61352,0
-177.00,-160.00,-663.00,61387,0
-144.00,-144.00,-640.00,61421,0
-121.00,-160.00,-625.00,61456,0
-121.00,-193.00,-625.00,61490,0
-136.00,-273.00,-618.00,61524,0
-161.00,-340.00,-612.00,61558,0
-180.00,-253.00,-631.00,61593,0
-180.00,135.00,-625.00,61628,0
-234.00,446.00,-664.00,61661,0
-375.00,438.00,-788.00,61694,0
-328.00,344.00,-720.00,61727,0
-248.00,270.00,-657.00,61761,0
-205.00,174.00,-633.00,61794,0
-185.00,63.00,-631.00,61827,0
-189.00,15.00,-640.00,61859,0
-178.00,-8.00,-648.00,61891,0
-177.00,-104.00,-642.00,61924,0
-159.00,-148.00,-628.00,61958,0
-173.00,-173.00,-637.00,61992,0
-194.00,-185.00,-656.00,62027,0
-215.00,-177.00,-663.00,62061,2
-202.00,-164.00,-648.00,62097,0
-217.00,-129.00,-658.00,62131,0
-218.00,-121.00,-657.00,62166,0
-228.00,-113.00,-664.00,62199,0
-217.00,-116.00,-653.00,62234,0
-193.00,-93.00,-633.00,62268,0
-202.00,-135.00,-653.00,62302,0
-197.00,-272.00,-658.00,62336,0
-177.00,-548.00,-618.00,62370,0
-176.00,-439.00,-599.00,62404,0
-176.00,-154.00,-591.00,62439,0
-215.00,371.00,-602.00,62473,0
-296.00,567.00,-685.00,62507,0
-388.00,499.00,-765.00,62539,0
-336.00,432.00,-717.00,62573,0
-253.00,249.00,-655.00,62606,0
-215.00,161.00,-626.00,62640,0
-209.00,48.00,-641.00,62672,0
-201.00,-49.00,-637.00,62705,0
-196.00,-84.00,-644.00,62738,0
-194.00,-64.00,-648.00,62772,0
-200.00,-61.00,-644.00,62804,0
-193.00,-84.00,-634.00,62838,0
-200.00,-93.00,-633.00,62871,0
-201.00,-87.00,-639.00,62905,0
-223.00,-87.00,-658.00,62938,2
-232.00,-128.00,-665.00,62972,0
-215.00,-95.00,-653.00,63006,0
-221.00,-113.00,-656.00,63040,0
-217.00,-113.00,-655.00,63074,0
-216.00,-100.00,-649.00,63109,0
-196.00,-112.00,-644.00,63142,0
-189.00,-199.00,-648.00,63177,0
-169.00,-292.00,-626.00,63211,0
-170.00,-296.00,-609.00,63246,0
-164.00,-199.00,-589.00,63280,0
-223.00,355.00,-625.00,63314,0
-313.00,574.00,-688.00,63347,0
-376.00,471.00,-752.00,63381,0
-352.00,371.00,-727.00,63414,0
-297.00,193.00,-671.00,63448,0
-232.00,88.00,-609.00,63480,0
-223.00,22.00,-616.00,63513,0
-255.00,-36.00,-656.00,63545,0
-269.00,-109.00,-676.00,63579,0
-244.00,-141.00,-656.00,63612,0
-200.00,-210.00,-609.00,63647,0
-168.00,-208.00,-600.00,63681,0
-216.00,-169.00,-657.00,63716,0
-218.00,-173.00,-664.00,63750,0
-196.00,-145.00,-644.00,63784,2
-177.00,-159.00,-625.00,63819,0
-186.00,-168.00,-633.00,63854,0
-217.00,-148.00,-666.00,63888,0
-217.00,-152.00,-660.00,63923,0
-192.00,-170.00,-648.00,63958,0
-185.00,-194.00,-637.00,63991,0
-193.00,-258.00,-642.00,64026,0
-183.00,-362.00,-626.00,64060,0
-177.00,-441.00,-605.00,64095,0
-164.00,-161.00,-569.00,64129,0
-159.00,295.00,-576.00,64163,0
-269.00,515.00,-680.00,64196,0
-434.00,487.00,-800.00,64230,0
-428.00,332.00,-761.00,64263,0
-327.00,140.00,-657.00,64296,0
-298.00,54.00,-648.00,64329,0
-285.00,95.00,-653.00,64362,0
-269.00,6.00,-653.00,64394,0
-217.00,-137.00,-618.00,64425,0
-185.00,-241.00,-616.00,64459,0
-200.00,-225.00,-639.00,64494,0
-196.00,-207.00,-628.00,64528,0
-189.00,-130.00,-642.00,64563,0
-212.00,-82.00,-673.00,64596,0
-200.00,-109.00,-653.00,64630,0
-189.00,-175.00,-633.00,64664,0
-196.00,-145.00,-648.00,64699,2
-193.00,-130.00,-648.00,64734,0
-193.00,-148.00,-644.00,64769,0
-189.00,-176.00,-639.00,64802,0
-196.00,-177.00,-640.00,64837,0
-200.00,-153.00,-640.00,64871,0
-209.00,-116.00,-655.00,64906,0
-212.00,-184.00,-664.00,64940,0
-185.00,-356.00,-633.00,64974,0
-170.00,-407.00,-616.00,65008,0
-157.00,-264.00,-583.00,65043,0
-161.00,-8.00,-570.00,65077,0
-320.00,448.00,-672.00,65110,0
-449.00,502.00,-772.00,65142,0
-463.00,422.00,-777.00,65176,0
-317.00,273.00,-665.00,65209,0
-253.00,163.00,-632.00,65243,0
-201.00,35.00,-605.00,65275,0
-200.00,-68.00,-618.00,65308,0
-207.00,-143.00,-648.00,65341,0
-217.00,-146.00,-665.00,65376,0
-205.00,-136.00,-640.00,65410,0
-200.00,-104.00,-642.00,65444,0
-202.00,-73.00,-648.00,65478,0
-209.00,-89.00,-653.00,65512,0
-212.00,-112.00,-642.00,65545,0
-208.00,-103.00,-644.00,65580,0
-212.00,-104.00,-642.00,65613,2
-228.00,-104.00,-648.00,65649,0
-244.00,-122.00,-676.00,65683,0
-244.00,-124.00,-672.00,65718,0
-217.00,-112.00,-650.00,65752,0
-208.00,-80.00,-637.00,65786,0
-194.00,-191.00,-640.00,65819,0
-185.00,-345.00,-628.00,65854,0
-180.00,-324.00,-601.00,65889,0
-170.00,-200.00,-580.00,65923,0
-221.00,263.00,-592.00,65957,0
-365.00,544.00,-717.00,65990,0
-468.00,478.00,-808.00,66024,0
-365.00,377.00,-708.00,66057,0
-260.00,183.00,-637.00,66091,0
-205.00,56.00,-599.00,66123,0
-189.00,-61.00,-594.00,66156,0
-208.00,-130.00,-633.00,66189,0
-237.00,-93.00,-669.00,66224,0
-272.00,-29.00,-682.00,66256,0
-272.00,-49.00,-680.00,66290,0
-221.00,-129.00,-644.00,66323,0
-193.00,-84.00,-623.00,66358,0
-184.00,-64.00,-621.00,66391,0
-212.00,-80.00,-656.00,66424,2
-200.00,-114.00,-644.00,66458,0
-200.00,-121.00,-648.00,66493,0
-210.00,-84.00,-664.00,66527,0
-217.00,-64.00,-660.00,66561,0
-234.00,-79.00,-666.00,66593,0
-225.00,-113.00,-666.00,66627,0
-200.00,-130.00,-648.00,66661,0
-178.00,-157.00,-632.00,66696,0
-148.00,-281.00,-609.00,66729,0
-127.00,-417.00,-584.00,66764,0
-144.00,-255.00,-568.00,66798,0
-205.00,127.00,-589.00,66833,0
-410.00,551.00,-743.00,66866,0
-513.00,455.00,-834.00,66899,0
-420.00,355.00,-744.00,66932,0
-295.00,208.00,-644.00,66966,0
-208.00,127.00,-596.00,66999,0
-137.00,7.00,-569.00,67033,0
-154.00,-97.00,-607.00,67063,0
-212.00,-114.00,-660.00,67097,0
-244.00,-80.00,-680.00,67131,0
-221.00,-82.00,-665.00,67165,0
-196.00,-84.00,-649.00,67197,0
-185.00,-87.00,-631.00,67231,0
-177.00,-34.00,-639.00,67264,0
-212.00,-64.00,-669.00,67298,0
-173.00,-72.00,-637.00,67331,2
-160.00,-125.00,-621.00,67365,0
-183.00,-189.00,-653.00,67399,0
-201.00,-160.00,-665.00,67434,0
-212.00,-146.00,-672.00,67468,0
-208.00,-113.00,-665.00,67503,0
-193.00,-97.00,-644.00,67536,0
-189.00,-96.00,-649.00,67570,0
-186.00,-128.00,-650.00,67603,0
-169.00,-191.00,-633.00,67638,0
-141.00,-369.00,-601.00,67672,0
-127.00,-353.00,-585.00,67706,0
-160.00,-98.00,-576.00,67740,0
-202.00,316.00,-596.00,67774,0
-424.00,455.00,-797.00,67807,0
-477.00,415.00,-831.00,67841,0
-328.00,273.00,-696.00,67873,0
-244.00,156.00,-633.00,67907,0
-200.00,56.00,-599.00,67940,0
-202.00,-16.00,-623.00,67973,0
-209.00,-33.00,-637.00,68005,0
-194.00,-72.00,-639.00,68039,0
-186.00,-103.00,-642.00,68072,0
-176.00,-122.00,-626.00,68107,0
-184.00,-122.00,-641.00,68141,0
-221.00,-136.00,-665.00,68175,2
-232.00,-130.00,-666.00,68210,0
-223.00,-151.00,-648.00,68245,0
-208.00,-136.00,-637.00,68279,0
-207.00,-105.00,-637.00,68314,0
-218.00,-79.00,-649.00,68347,0
-232.00,-79.00,-665.00,68381,0
-231.00,-136.00,-666.00,68414,0
-217.00,-234.00,-653.00,68449,0
-185.00,-343.00,-624.00,68484,0
-137.00,-544.00,-589.00,68517,0
-136.00,-425.00,-569.00,68552,0
-160.00,103.00,-561.00,68586,0
-287.00,668.00,-644.00,68620,0
-458.00,648.00,-797.00,68653,0
-465.00,536.00,-788.00,68686,0
-324.00,239.00,-660.00,68719,0
-264.00,118.00,-624.00,68753,0
-224.00,49.00,-601.00,68786,0
-240.00,-40.00,-633.00,68818,0
-233.00,-152.00,-640.00,68851,0
-228.00,-183.00,-653.00,68886,0
-221.00,-168.00,-656.00,68920,0
-208.00,-141.00,-648.00,68955,0
-185.00,-116.00,-633.00,68988,2
-177.00,-144.00,-626.00,69024,0
-193.00,-177.00,-650.00,69058,0
-189.00,-164.00,-644.00,69093,0
-177.00,-167.00,-637.00,69127,0
-170.00,-146.00,-628.00,69161,0
-185.00,-141.00,-644.00,69195,0
-189.00,-177.00,-656.00,69230,0
-180.00,-296.00,-648.00,69264,0
-168.00,-404.00,-623.00,69299,0
-153.00,-402.00,-602.00,69332,0
-121.00,-301.00,-546.00,69367,0
-141.00,65.00,-543.00,69401,0
-244.00,496.00,-616.00,69434,0
-441.00,646.00,-769.00,69467,0
-537.00,551.00,-845.00,69500,0
-410.00,344.00,-705.00,69533,0
-285.00,215.00,-612.00,69567,0
-218.00,108.00,-593.00,69600,0
-225.00,48.00,-618.00,69634,0
-237.00,23.00,-644.00,69665,0
-207.00,-73.00,-637.00,69698,0
-205.00,-116.00,-637.00,69731,0
-208.00,-159.00,-633.00,69766,0
-205.00,-185.00,-632.00,69799,0
-241.00,-148.00,-660.00,69834,0
-232.00,-109.00,-656.00,69868,2
-234.00,-127.00,-648.00,69904,0
-232.00,-137.00,-649.00,69938,0
-233.00,-119.00,-660.00,69972,0
-225.00,-93.00,-653.00,70006,0
-205.00,-93.00,-640.00,70040,0
-191.00,-157.00,-618.00,70073,0
-173.00,-436.00,-609.00,70108,0
-170.00,-570.00,-589.00,70141,0
-217.00,-341.00,-601.00,70176,0
-269.00,275.00,-633.00,70210,0
-340.00,518.00,-698.00,70244,0
-369.00,534.00,-738.00,70277,0
-308.00,408.00,-669.00,70310,0
-255.00,319.00,-624.00,70343,0
-249.00,182.00,-628.00,70377,0
-264.00,71.00,-632.00,70410,0
-260.00,-13.00,-648.00,70443,0
-249.00,-82.00,-658.00,70475,0
-232.00,-57.00,-658.00,70509,0
-225.00,-55.00,-648.00,70542,0
-205.00,-64.00,-633.00,70576,0
-205.00,-89.00,-641.00,70608,0
-217.00,-103.00,-655.00,70642,0
-221.00,-52.00,-656.00,70676,2
-221.00,-52.00,-642.00,70711,0
-226.00,-72.00,-648.00,70744,0
-234.00,-100.00,-672.00,70777,0
-231.00,-112.00,-664.00,70811,0
-208.00,-103.00,-644.00,70846,0
-200.00,-93.00,-648.00,70880,0
-200.00,-109.00,-655.00,70914,0
-168.00,-281.00,-621.00,70948,0
-153.00,-447.00,-592.00,70982,0
-161.00,-281.00,-576.00,71017,0
-217.00,120.00,-607.00,71051,0
-401.00,636.00,-730.00,71085,0
-458.00,595.00,-784.00,71117,0
-401.00,511.00,-735.00,71151,0
-276.00,287.00,-637.00,71184,0
-209.00,200.00,-601.00,71218,0
-189.00,12.00,-612.00,71250,0
-186.00,-97.00,-625.00,71283,0
-186.00,-178.00,-640.00,71316,0
-200.00,-153.00,-657.00,71351,0
-189.00,-137.00,-650.00,71385,0
-177.00,-144.00,-637.00,71419,0
-199.00,-152.00,-653.00,71453,0
-185.00,-153.00,-648.00,71488,2
-173.00,-170.00,-625.00,71523,0
-177.00,-169.00,-633.00,71558,0
-177.00,-189.00,-637.00,71591,0
-200.00,-205.00,-642.00,71626,0
-208.00,-161.00,-649.00,71660,0
-215.00,-144.00,-665.00,71695,0
-212.00,-221.00,-669.00,71729,0
-175.00,-409.00,-623.00,71763,0
-160.00,-441.00,-601.00,71797,0
-136.00,-205.00,-561.00,71832,0
-161.00,188.00,-573.00,71866,0
-328.00,620.00,-729.00,71900,0
-400.00,558.00,-781.00,71932,0
-333.00,487.00,-705.00,71966,0
-288.00,243.00,-664.00,71999,0
-247.00,127.00,-628.00,72033,0
-263.00,48.00,-653.00,72066,0
-244.00,-7.00,-648.00,72098,0
-228.00,-58.00,-632.00,72130,0
-232.00,-121.00,-637.00,72164,0
-240.00,-144.00,-641.00,72198,0
-231.00,-210.00,-648.00,72232,2
-232.00,-159.00,-648.00,72267,0
-217.00,-191.00,-642.00,72302,0
-226.00,-183.00,-649.00,72336,0
-226.00,-148.00,-653.00,72371,0
-221.00,-140.00,-648.00,72404,0
-200.00,-136.00,-637.00,72439,0
-202.00,-146.00,-648.00,72473,0
-208.00,-207.00,-633.00,72508,0
-185.00,-461.00,-605.00,72543,0
-185.00,-537.00,-596.00,72577,0
-196.00,-288.00,-589.00,72611,0
-264.00,184.00,-625.00,72645,0
-423.00,679.00,-740.00,72679,0
-463.00,542.00,-752.00,72712,0
-352.00,380.00,-676.00,72745,0
-304.00,284.00,-648.00,72778,0
-249.00,227.00,-628.00,72812,0
-232.00,168.00,-628.00,72845,0
-232.00,124.00,-665.00,72879,0
-228.00,92.00,-665.00,72911,0
-200.00,44.00,-644.00,72943,0
-189.00,12.00,-640.00,72976,0
-170.00,-48.00,-626.00,73008,0
-168.00,-68.00,-644.00,73041,0
-185.00,-160.00,-653.00,73074,0
-168.00,-260.00,-615.00,73109,2
-189.00,-177.00,-628.00,73145,0
-205.00,-113.00,-648.00,73179,0
-221.00,-93.00,-669.00,73213,0
-217.00,-97.00,-663.00,73246,0
-201.00,-103.00,-649.00,73280,0
-193.00,-93.00,-644.00,73314,0
-191.00,-144.00,-656.00,73348,0
-160.00,-288.00,-625.00,73381,0
-144.00,-447.00,-601.00,73416,0
-144.00,-244.00,-576.00,73450,0
-200.00,81.00,-599.00,73485,0
-352.00,476.00,-706.00,73517,0
-464.00,472.00,-786.00,73550,0
-385.00,449.00,-717.00,73583,0
-287.00,339.00,-657.00,73617,0
-234.00,248.00,-625.00,73650,0
-210.00,127.00,-628.00,73683,0
-207.00,31.00,-637.00,73716,0
-209.00,-45.00,-658.00,73749,0
-205.00,-84.00,-663.00,73782,0
-184.00,-96.00,-644.00,73816,0
-154.00,-130.00,-626.00,73848,0
-160.00,-169.00,-644.00,73883,0
-177.00,-136.00,-658.00,73917,2
-173.00,-132.00,-633.00,73953,0
-153.00,-148.00,-615.00,73987,0
-169.00,-144.00,-634.00,74021,0
-200.00,-136.00,-656.00,74055,0
-215.00,-116.00,-658.00,74090,0
-208.00,-141.00,-665.00,74124,0
-208.00,-221.00,-653.00,74159,0
-208.00,-272.00,-658.00,74192,0
-153.00,-354.00,-593.00,74227,0
-121.00,-295.00,-541.00,74261,0
-159.00,76.00,-552.00,74296,0
-349.00,711.00,-706.00,74328,0
-488.00,671.00,-831.00,74361,0
-369.00,382.00,-724.00,74394,0
-269.00,206.00,-637.00,74428,0
-225.00,143.00,-626.00,74461,0
-208.00,140.00,-624.00,74494,0
-216.00,115.00,-660.00,74527,0
-225.00,64.00,-671.00,74561,0
-194.00,-9.00,-647.00,74593,0
-173.00,-29.00,-625.00,74626,0
-162.00,-45.00,-625.00,74658,0
-205.00,-111.00,-676.00,74692,2
-168.00,-218.00,-637.00,74727,0
-148.00,-288.00,-615.00,74762,0
-160.00,-234.00,-633.00,74796,0
-177.00,-200.00,-644.00,74830,0
-168.00,-183.00,-641.00,74864,0
-184.00,-146.00,-658.00,74899,0
-193.00,-143.00,-665.00,74933,0
-196.00,-148.00,-665.00,74968,0
-180.00,-151.00,-656.00,75001,0
-154.00,-282.00,-634.00,75036,0
-84.00,-720.00,-544.00,75070,0
-114.00,-426.00,-546.00,75104,0
-185.00,-49.00,-575.00,75138,0
-312.00,504.00,-673.00,75171,0
-407.00,595.00,-761.00,75205,0
-436.00,584.00,-778.00,75238,0
-301.00,489.00,-660.00,75272,0
-205.00,364.00,-612.00,75304,0
-200.00,246.00,-628.00,75337,0
-215.00,110.00,-640.00,75371,0
-208.00,-20.00,-653.00,75404,0
-217.00,-103.00,-672.00,75438,0
-185.00,-71.00,-663.00,75471,0
-173.00,-36.00,-642.00,75505,0
-127.00,-186.00,-601.00,75539,0
-97.00,-255.00,-575.00,75573,0
-153.00,-233.00,-633.00,75607,2
-176.00,-215.00,-661.00,75641,0
-193.00,-141.00,-674.00,75676,0
-183.00,-121.00,-653.00,75710,0
-178.00,-112.00,-653.00,75745,0
-167.00,-113.00,-639.00,75779,0
-161.00,-98.00,-647.00,75813,0
-151.00,-93.00,-634.00,75846,0
-122.00,-169.00,-609.00,75880,0
-84.00,-132.00,-552.00,75914,0
-136.00,312.00,-569.00,75948,0
-301.00,647.00,-669.00,75980,0
-618.00,705.00,-925.00,76014,0
-481.00,545.00,-776.00,76047,0
-221.00,224.00,-589.00,76081,0
-160.00,55.00,-576.00,76113,0
-160.00,39.00,-592.00,76146,0
-217.00,86.00,-644.00,76178,0
-218.00,-8.00,-656.00,76211,0
-200.00,-137.00,-644.00,76242,0
-185.00,-162.00,-633.00,76277,0
-221.00,-68.00,-664.00,76311,0
-228.00,-57.00,-664.00,76345,0
-200.00,-68.00,-648.00,76378,0
-168.00,-73.00,-631.00,76411,0
-199.00,-121.00,-657.00,76444,0
-178.00,-125.00,-642.00,76479,2
-177.00,-162.00,-633.00,76514,0
-193.00,-200.00,-665.00,76549,0
-208.00,-200.00,-674.00,76582,0
-201.00,-200.00,-642.00,76617,0
-194.00,-170.00,-633.00,76651,0
-207.00,-154.00,-653.00,76686,0
-189.00,-200.00,-625.00,76720,0
-168.00,-160.00,-589.00,76754,0
-129.00,399.00,-548.00,76788,0
-239.00,696.00,-642.00,76822,0
-385.00,560.00,-784.00,76855,0
-360.00,497.00,-730.00,76889,0
-314.00,355.00,-671.00,76921,0
-244.00,232.00,-621.00,76955,0
-217.00,135.00,-616.00,76988,0
-217.00,46.00,-639.00,77022,0
-226.00,51.00,-663.00,77053,0
-237.00,92.00,-663.00,77086,0
-200.00,-9.00,-633.00,77118,0
-185.00,-77.00,-624.00,77151,0
-185.00,-93.00,-632.00,77184,0
-208.00,-84.00,-663.00,77217,0
-205.00,-111.00,-664.00,77250,0
-194.00,-82.00,-663.00,77285,2
-185.00,-97.00,-648.00,77319,0
-184.00,-95.00,-637.00,77352,0
-189.00,-82.00,-648.00,77385,0
-188.00,-79.00,-637.00,77419,0
-178.00,-121.00,-633.00,77452,0
-184.00,-256.00,-631.00,77487,0
-212.00,-281.00,-649.00,77520,0
-208.00,-265.00,-628.00,77555,0
-199.00,-172.00,-605.00,77589,0
-183.00,-45.00,-561.00,77624,0
-221.00,422.00,-596.00,77657,0
-377.00,817.00,-740.00,77690,0
-404.00,760.00,-760.00,77723,0
-365.00,636.00,-705.00,77757,0
-272.00,271.00,-632.00,77790,0
-241.00,64.00,-613.00,77824,0
-218.00,-16.00,-623.00,77855,0
-212.00,-24.00,-637.00,77889,0
-200.00,-33.00,-639.00,77922,0
-205.00,-80.00,-640.00,77956,0
-200.00,-79.00,-647.00,77988,0
-200.00,-36.00,-647.00,78022,0
-193.00,-98.00,-625.00,78055,0
-205.00,-157.00,-631.00,78089,0
-248.00,-104.00,-671.00,78123,2
-241.00,-137.00,-669.00,78158,0
-225.00,-125.00,-655.00,78192,0
-201.00,-136.00,-647.00,78227,0
-189.00,-153.00,-632.00,78261,0
-200.00,-157.00,-648.00,78296,0
-208.00,-234.00,-655.00,78329,0
-194.00,-329.00,-634.00,78364,0
-196.00,-288.00,-632.00,78398,0
-180.00,-210.00,-609.00,78433,0
-146.00,-61.00,-573.00,78467,0
-169.00,295.00,-589.00,78500,0
-298.00,728.00,-703.00,78534,0
-377.00,632.00,-772.00,78567,0
-340.00,588.00,-720.00,78601,0
-280.00,332.00,-655.00,78633,0
-232.00,201.00,-617.00,78667,0
-221.00,65.00,-626.00,78700,0
-209.00,3.00,-637.00,78732,0
-217.00,62.00,-657.00,78764,0
-196.00,-32.00,-647.00,78795,0
-175.00,-72.00,-626.00,78829,0
-157.00,-121.00,-616.00,78862,0
-177.00,-145.00,-634.00,78897,0
-208.00,-121.00,-665.00,78930,0
-209.00,-135.00,-666.00,78965,0
-200.00,-98.00,-648.00,78999,2
-212.00,-50.00,-641.00,79034,0
-241.00,-73.00,-671.00,79067,0
-232.00,-61.00,-665.00,79100,0
-225.00,-56.00,-653.00,79133,0
-193.00,-109.00,-640.00,79167,0
-183.00,-196.00,-625.00,79202,0
-194.00,-274.00,-640.00,79236,0
-185.00,-360.00,-624.00,79270,0
-168.00,-417.00,-575.00,79304,0
-233.00,47.00,-592.00,79339,0
-377.00,639.00,-705.00,79371,0
-472.00,608.00,-781.00,79405,0
-368.00,448.00,-708.00,79437,0
-257.00,335.00,-621.00,79471,0
-216.00,300.00,-617.00,79504,0
-232.00,286.00,-640.00,79538,0
-237.00,192.00,-656.00,79570,0
-210.00,17.00,-649.00,79604,0
-176.00,-80.00,-632.00,79636,0
-168.00,-80.00,-647.00,79670,0
-162.00,-58.00,-633.00,79703,0
-185.00,31.00,-650.00,79736,0
-186.00,-8.00,-648.00,79768,0
-184.00,-50.00,-644.00,79801,0
-173.00,-105.00,-637.00,79834,0
-205.00,-100.00,-669.00,79868,2
-186.00,-49.00,-639.00,79903,0
-208.00,-32.00,-656.00,79937,0
-240.00,-17.00,-690.00,79970,0
-231.00,-49.00,-666.00,80004,0
-196.00,-114.00,-633.00,80036,0
-185.00,-95.00,-633.00,80071,0
-177.00,-104.00,-631.00,80104,0
-168.00,-216.00,-615.00,80139,0
-161.00,-241.00,-583.00,80173,0
-193.00,49.00,-589.00,80207,0
-313.00,555.00,-673.00,80239,0
-452.00,660.00,-784.00,80273,0
-420.00,590.00,-756.00,80306,0
-273.00,444.00,-642.00,80339,0
-237.00,278.00,-625.00,80372,0
-200.00,51.00,-609.00,80406,0
-180.00,-88.00,-612.00,80438,0
-176.00,-153.00,-628.00,80472,0
-183.00,-130.00,-656.00,80505,0
-176.00,-109.00,-650.00,80540,0
-172.00,-119.00,-656.00,80574,0
-168.00,-72.00,-653.00,80609,0
-157.00,-93.00,-637.00,80642,0
-154.00,-93.00,-626.00,80675,0
-162.00,-116.00,-640.00,80708,0
-208.00,-129.00,-672.00,80743,0
-193.00,-146.00,-649.00,80777,2
-205.00,-160.00,-655.00,80813,0
-218.00,-113.00,-669.00,80846,0
-224.00,-32.00,-672.00,80881,0
-210.00,-34.00,-650.00,80914,0
-180.00,-55.00,-642.00,80948,0
-177.00,-57.00,-647.00,80980,0
-170.00,-106.00,-633.00,81014,0
-138.00,-237.00,-605.00,81048,0
-109.00,-296.00,-575.00,81083,0
-113.00,-29.00,-536.00,81117,0
-196.00,515.00,-586.00,81150,0
-527.00,736.00,-871.00,81183,0
-544.00,563.00,-852.00,81217,0
-292.00,406.00,-644.00,81250,0
-217.00,248.00,-594.00,81284,0
-191.00,195.00,-592.00,81316,0
-200.00,83.00,-608.00,81350,0
-217.00,-52.00,-634.00,81382,0
-196.00,-263.00,-625.00,81416,0
-191.00,-255.00,-625.00,81449,0
-226.00,-141.00,-660.00,81484,0
-258.00,-98.00,-676.00,81518,0
-241.00,-113.00,-665.00,81552,0
-221.00,-109.00,-642.00,81586,0
-202.00,-68.00,-634.00,81620,0
-241.00,-28.00,-673.00,81653,2
-207.00,-52.00,-633.00,81688,0
-218.00,-39.00,-650.00,81721,0
-225.00,-45.00,-680.00,81755,0
-210.00,-72.00,-664.00,81787,0
-180.00,-121.00,-641.00,81821,0
-167.00,-104.00,-633.00,81855,0
-170.00,-111.00,-633.00,81890,0
-173.00,-104.00,-625.00,81924,0
-157.00,-49.00,-592.00,81958,0
-138.00,7.00,-569.00,81991,0
-148.00,188.00,-548.00,82023,0
-397.00,691.00,-745.00,82056,0
-557.00,684.00,-845.00,82089,0
-420.00,454.00,-713.00,82122,0
-305.00,215.00,-621.00,82156,0
-256.00,70.00,-612.00,82189,0
-232.00,92.00,-612.00,82222,0
-224.00,49.00,-626.00,82253,0
-193.00,0.00,-633.00,82286,0
-180.00,-66.00,-637.00,82318,0
-167.00,-97.00,-621.00,82351,0
-184.00,-89.00,-650.00,82383,0
-199.00,-40.00,-663.00,82417,0
-212.00,-71.00,-672.00,82450,0
-189.00,-113.00,-641.00,82484,2
-194.00,-141.00,-644.00,82519,0
-200.00,-109.00,-649.00,82553,0
-208.00,-17.00,-647.00,82587,0
-208.00,-31.00,-633.00,82621,0
-225.00,-55.00,-663.00,82654,0
-237.00,-52.00,-672.00,82688,0
-225.00,-90.00,-665.00,82720,0
-193.00,-145.00,-647.00,82754,0
-168.00,-192.00,-625.00,82788,0
-138.00,-176.00,-593.00,82823,0
-113.00,-111.00,-557.00,82856,0
-168.00,192.00,-576.00,82891,0
-400.00,428.00,-745.00,82924,0
-553.00,499.00,-834.00,82958,0
-436.00,440.00,-720.00,82991,0
-287.00,296.00,-623.00,83024,0
-223.00,168.00,-589.00,83057,0
-225.00,71.00,-621.00,83091,0
-237.00,48.00,-648.00,83123,0
-231.00,-7.00,-655.00,83155,0
-200.00,-96.00,-641.00,83187,0
-194.00,-136.00,-626.00,83221,0
-200.00,-61.00,-650.00,83255,2
-253.00,3.00,-697.00,83290,0
-226.00,-25.00,-672.00,83321,0
-209.00,-57.00,-663.00,83354,0
-185.00,-77.00,-640.00,83387,0
-145.00,-89.00,-601.00,83421,0
-153.00,-97.00,-607.00,83453,0
-205.00,-109.00,-656.00,83487,0
-226.00,-136.00,-676.00,83521,0
-225.00,-153.00,-664.00,83556,0
-200.00,-196.00,-642.00,83590,0
-189.00,-269.00,-618.00,83624,0
-189.00,-216.00,-618.00,83659,0
-180.00,-168.00,-592.00,83693,0
-200.00,-66.00,-577.00,83728,0
-360.00,335.00,-696.00,83761,0
-481.00,524.00,-769.00,83794,0
-426.00,438.00,-729.00,83827,0
-324.00,364.00,-665.00,83861,0
-260.00,335.00,-637.00,83894,0
-232.00,227.00,-625.00,83928,0
-217.00,96.00,-632.00,83960,0
-208.00,-66.00,-634.00,83992,0
-210.00,-65.00,-656.00,84026,0
-186.00,-144.00,-648.00,84060,0
-157.00,-159.00,-628.00,84093,0
-173.00,-104.00,-639.00,84128,0
-185.00,-58.00,-656.00,84162,0
-208.00,-55.00,-673.00,84196,2
-168.00,-63.00,-632.00,84230,0
-153.00,-77.00,-625.00,84263,0
-160.00,-77.00,-637.00,84296,0
-183.00,-84.00,-657.00,84330,0
-196.00,-144.00,-656.00,84363,0
-196.00,-185.00,-648.00,84398,0
-196.00,-274.00,-656.00,84431,0
-164.00,-429.00,-616.00,84466,0
-154.00,-407.00,-600.00,84500,0
-137.00,-160.00,-567.00,84535,0
-193.00,207.00,-596.00,84569,0
-356.00,611.00,-727.00,84602,0
-420.00,504.00,-776.00,84635,0
-413.00,323.00,-743.00,84669,0
-340.00,215.00,-672.00,84702,0
-289.00,211.00,-639.00,84736,0
-239.00,96.00,-633.00,84768,0
-218.00,25.00,-633.00,84801,0
-200.00,12.00,-633.00,84833,0
-177.00,-61.00,-637.00,84866,0
-164.00,-50.00,-633.00,84898,0
-180.00,-68.00,-658.00,84932,0
-164.00,-66.00,-642.00,84965,0
-180.00,-50.00,-657.00,84999,0
-162.00,-97.00,-634.00,85031,2
-152.00,-135.00,-615.00,85066,0
-169.00,-167.00,-637.00,85100,0
-205.00,-129.00,-658.00,85135,0
-217.00,-113.00,-656.00,85169,0
-224.00,-136.00,-648.00,85203,0
-241.00,-137.00,-665.00,85237,0
-253.00,-116.00,-682.00,85272,0
-232.00,-72.00,-674.00,85306,0
-185.00,-52.00,-631.00,85340,0
-180.00,-45.00,-633.00,85372,0
-200.00,67.00,-653.00,85406,0
-217.00,316.00,-658.00,85438,0
-255.00,487.00,-674.00,85472,0
-263.00,268.00,-650.00,85505,0
-189.00,-97.00,-575.00,85538,0
-122.00,-744.00,-479.00,85571,0
-201.00,-1028.00,-552.00,85606,0
-433.00,-961.00,-762.00,85641,0
-432.00,-762.00,-719.00,85676,0
-224.00,-525.00,-552.00,85709,0
-176.00,-361.00,-561.00,85744,0
-136.00,-32.00,-576.00,85778,0
-141.00,63.00,-601.00,85812,0
-193.00,-23.00,-648.00,85843,0
-210.00,-9.00,-657.00,85877,0
-228.00,33.00,-676.00,85909,0
-232.00,-57.00,-665.00,85942,0
-212.00,-177.00,-633.00,85975,0
-281.00,-216.00,-704.00,86009,0
-245.00,-177.00,-669.00,86043,0
-177.00,-116.00,-605.00,86078,0
-175.00,30.00,-624.00,86112,1
-189.00,22.00,-653.00,86146,0
-196.00,-15.00,-664.00,86177,0
-191.00,-89.00,-664.00,86211,0
-191.00,-89.00,-665.00,86244,0
-180.00,-72.00,-656.00,86278,0
-148.00,-64.00,-633.00,86310,0
-144.00,-45.00,-637.00,86344,0
-128.00,176.00,-618.00,86377,0
-127.00,487.00,-607.00,86411,0
-189.00,169.00,-607.00,86444,0
-185.00,-450.00,-532.00,86477,0
-324.00,-1053.00,-616.00,86511,0
-471.00,-941.00,-740.00,86547,0
-416.00,-701.00,-685.00,86581,0
-296.00,-541.00,-589.00,86616,0
-208.00,-436.00,-557.00,86649,0
-221.00,-385.00,-584.00,86684,0
-208.00,-168.00,-605.00,86718,0
-208.00,-50.00,-633.00,86753,0
-217.00,-40.00,-663.00,86786,0
-193.00,-61.00,-637.00,86819,0
-208.00,-24.00,-658.00,86852,0
-208.00,-56.00,-660.00,86886,0
-212.00,-82.00,-663.00,86919,0
-194.00,-80.00,-648.00,86952,0
-180.00,-77.00,-631.00,86985,1
-180.00,-132.00,-628.00,87020,0
-205.00,-109.00,-665.00,87055,0
-223.00,-68.00,-673.00,87089,0
-216.00,-48.00,-665.00,87122,0
-196.00,39.00,-655.00,87155,0
-207.00,72.00,-658.00,87187,0
-212.00,192.00,-656.00,87220,0
-208.00,295.00,-642.00,87254,0
-193.00,102.00,-605.00,87286,0
-127.00,-285.00,-505.00,87320,0
-136.00,-855.00,-495.00,87354,0
-353.00,-968.00,-679.00,87389,0
-401.00,-866.00,-711.00,87422,0
-272.00,-665.00,-592.00,87457,0
-218.00,-505.00,-569.00,87491,0
-205.00,-448.00,-573.00,87526,0
-216.00,-360.00,-608.00,87560,0
-200.00,-225.00,-607.00,87595,0
-168.00,-80.00,-612.00,87628,0
-201.00,-136.00,-660.00,87662,0
-186.00,-175.00,-648.00,87696,0
-217.00,-202.00,-650.00,87731,0
-216.00,-160.00,-648.00,87764,0
-208.00,-93.00,-642.00,87799,1
-207.00,-88.00,-656.00,87833,0
-217.00,-104.00,-665.00,87867,0
-196.00,-82.00,-655.00,87901,0
-193.00,-111.00,-641.00,87934,0
-185.00,-125.00,-637.00,87968,0
-193.00,-74.00,-633.00,88003,0
-208.00,-72.00,-660.00,88036,0
-210.00,-36.00,-664.00,88070,0
-173.00,304.00,-616.00,88102,0
-148.00,284.00,-592.00,88136,0
-153.00,-136.00,-552.00,88169,0
-217.00,-845.00,-560.00,88204,0
-360.00,-897.00,-672.00,88238,0
-400.00,-826.00,-676.00,88272,0
-296.00,-730.00,-569.00,88306,0
-279.00,-596.00,-564.00,88341,0
-313.00,-503.00,-628.00,88375,0
-305.00,-388.00,-637.00,88410,0
-200.00,-164.00,-575.00,88443,0
-175.00,-95.00,-592.00,88478,0
-160.00,-68.00,-617.00,88511,0
-160.00,-68.00,-616.00,88545,0
-191.00,-112.00,-656.00,88578,0
-185.00,-116.00,-655.00,88612,0
-185.00,-77.00,-653.00,88646,0
-196.00,-61.00,-657.00,88680,0
-205.00,-52.00,-657.00,88713,1
-194.00,-41.00,-647.00,88748,0
-200.00,-96.00,-660.00,88780,0
-186.00,-84.00,-644.00,88814,0
-180.00,-65.00,-626.00,88847,0
-189.00,-57.00,-640.00,88881,0
-196.00,-9.00,-653.00,88913,0
-212.00,151.00,-660.00,88946,0
-248.00,345.00,-671.00,88979,0
-218.00,92.00,-617.00,89013,0
-114.00,-392.00,-500.00,89044,0
-125.00,-788.00,-497.00,89079,0
-324.00,-937.00,-655.00,89113,0
-429.00,-872.00,-722.00,89148,0
-324.00,-609.00,-640.00,89183,0
-237.00,-473.00,-576.00,89217,0
-184.00,-413.00,-576.00,89251,0
-169.00,-333.00,-586.00,89285,0
-168.00,-185.00,-612.00,89320,0
-173.00,-208.00,-625.00,89354,0
-191.00,-237.00,-648.00,89389,0
-175.00,-168.00,-631.00,89422,0
-177.00,-136.00,-640.00,89457,0
-185.00,-57.00,-653.00,89491,0
-185.00,-36.00,-653.00,89525,0
-191.00,-40.00,-649.00,89558,0
-193.00,-97.00,-640.00,89591,1
-217.00,-196.00,-648.00,89625,0
-250.00,-218.00,-672.00,89660,0
-232.00,-145.00,-656.00,89694,0
-218.00,-93.00,-653.00,89729,0
-194.00,-72.00,-639.00,89761,0
-212.00,-25.00,-648.00,89795,0
-217.00,124.00,-637.00,89828,0
-228.00,334.00,-649.00,89862,0
-225.00,188.00,-612.00,89894,0
-177.00,-244.00,-532.00,89928,0
-173.00,-829.00,-484.00,89962,0
-420.00,-1073.00,-695.00,89997,0
-520.00,-913.00,-772.00,90032,0
-317.00,-564.00,-610.00,90066,0
-201.00,-433.00,-552.00,90100,0
-138.00,-401.00,-546.00,90135,0
-177.00,-346.00,-601.00,90169,0
-185.00,-285.00,-616.00,90204,0
-167.00,-141.00,-625.00,90237,0
-176.00,-95.00,-656.00,90272,0
-152.00,-109.00,-644.00,90305,0
-146.00,-130.00,-640.00,90340,0
-145.00,-132.00,-644.00,90374,0
-144.00,-81.00,-641.00,90408,0
-138.00,-68.00,-639.00,90441,0
-144.00,-98.00,-632.00,90475,1
-164.00,-153.00,-656.00,90509,0
-176.00,-109.00,-660.00,90544,0
-185.00,-40.00,-672.00,90577,0
-185.00,-55.00,-665.00,90611,0
-178.00,-45.00,-665.00,90644,0
-168.00,-8.00,-656.00,90678,0
-160.00,49.00,-648.00,90710,0
-135.00,380.00,-612.00,90742,0
-144.00,295.00,-589.00,90775,0
-170.00,-98.00,-580.00,90809,0
-168.00,-890.00,-527.00,90842,0
-320.00,-904.00,-656.00,90876,0
-423.00,-740.00,-740.00,90910,0
-324.00,-525.00,-649.00,90945,0
-241.00,-471.00,-584.00,90980,0
-208.00,-441.00,-589.00,91014,0
-194.00,-409.00,-596.00,91048,0
-175.00,-241.00,-592.00,91082,0
-168.00,-257.00,-612.00,91117,0
-180.00,-191.00,-637.00,91151,0
-164.00,-144.00,-628.00,91186,0
-180.00,-130.00,-656.00,91219,0
-189.00,-122.00,-656.00,91254,0
-189.00,-47.00,-648.00,91288,1
-189.00,-45.00,-655.00,91323,0
-185.00,-130.00,-648.00,91356,0
-185.00,-175.00,-633.00,91390,0
-192.00,-105.00,-648.00,91424,0
-207.00,-25.00,-664.00,91459,0
-208.00,35.00,-664.00,91492,0
-207.00,8.00,-665.00,91525,0
-200.00,-36.00,-664.00,91555,0
-189.00,-58.00,-657.00,91589,0
-176.00,-23.00,-648.00,91622,0
-144.00,159.00,-616.00,91656,0
-125.00,328.00,-580.00,91688,0
-89.00,-418.00,-509.00,91722,0
-173.00,-961.00,-573.00,91755,0
-349.00,-836.00,-701.00,91790,0
-336.00,-714.00,-679.00,91824,0
-237.00,-580.00,-591.00,91858,0
-194.00,-528.00,-561.00,91892,0
-223.00,-530.00,-593.00,91927,0
-279.00,-529.00,-628.00,91961,0
-272.00,-344.00,-612.00,91996,0
-244.00,-167.00,-624.00,92029,0
-217.00,-47.00,-633.00,92064,0
-200.00,-28.00,-640.00,92097,0
-191.00,-29.00,-647.00,92131,0
-161.00,143.00,-634.00,92164,0
-157.00,142.00,-656.00,92197,0
-157.00,7.00,-648.00,92230,0
-193.00,-58.00,-672.00,92262,0
-237.00,-1.00,-705.00,92295,0
-196.00,-55.00,-648.00,92327,1
-160.00,-178.00,-624.00,92361,0
-164.00,-154.00,-644.00,92396,0
-170.00,-16.00,-656.00,92430,0
-167.00,-16.00,-642.00,92464,0
-136.00,-36.00,-612.00,92496,0
-160.00,-82.00,-623.00,92530,0
-151.00,-200.00,-612.00,92563,0
-130.00,-546.00,-520.00,92598,0
-183.00,-740.00,-532.00,92632,0
-426.00,-799.00,-729.00,92666,0
-564.00,-602.00,-778.00,92700,0
-400.00,-436.00,-637.00,92735,0
-210.00,-196.00,-554.00,92769,0
-168.00,-130.00,-573.00,92804,0
-176.00,-109.00,-609.00,92837,0
-191.00,-152.00,-625.00,92872,0
-208.00,-173.00,-663.00,92906,0
-193.00,-61.00,-658.00,92941,0
-153.00,67.00,-640.00,92974,0
-152.00,64.00,-647.00,93006,0
-170.00,24.00,-660.00,93038,0
-180.00,-47.00,-658.00,93071,0
-185.00,-29.00,-649.00,93104,0
-196.00,-1.00,-656.00,93137,0
-210.00,-57.00,-658.00,93169,0
-180.00,-77.00,-631.00,93203,0
-218.00,14.00,-672.00,93236,0
-237.00,92.00,-681.00,93268,0
-225.00,159.00,-672.00,93300,0
-208.00,111.00,-648.00,93334,1
-215.00,32.00,-648.00,93368,0
-208.00,76.00,-616.00,93401,0
-232.00,127.00,-637.00,93432,0
-241.00,-58.00,-621.00,93466,0
-145.00,-576.00,-481.00,93499,0
-121.00,-1287.00,-449.00,93534,0
-362.00,-1049.00,-685.00,93569,0
-377.00,-649.00,-676.00,93604,0
-292.00,-436.00,-610.00,93638,0
-253.00,-381.00,-601.00,93673,0
-248.00,-269.00,-616.00,93707,0
-212.00,-90.00,-631.00,93742,0
-210.00,-18.00,-642.00,93774,0
-185.00,-48.00,-637.00,93808,0
-185.00,-96.00,-637.00,93841,0
-185.00,-168.00,-648.00,93875,0
-175.00,-121.00,-626.00,93910,0
-173.00,-57.00,-640.00,93943,0
-185.00,-52.00,-653.00,93976,0
-196.00,-41.00,-664.00,94010,0
-196.00,-73.00,-665.00,94043,0
-185.00,-98.00,-653.00,94076,0
-177.00,-97.00,-653.00,94109,0
-189.00,-104.00,-665.00,94143,0
-200.00,-77.00,-672.00,94178,0
-193.00,-66.00,-663.00,94211,0
-161.00,-73.00,-637.00,94244,0
-153.00,-88.00,-632.00,94277,0
-164.00,-104.00,-644.00,94311,0
-202.00,-121.00,-672.00,94345,0
-199.00,-137.00,-650.00,94380,0
-199.00,-146.00,-648.00,94413,0
-205.00,-109.00,-665.00,94448,0
-205.00,-52.00,-672.00,94482,0
-196.00,-29.00,-660.00,94516,0
-194.00,-97.00,-663.00,94548,0
-194.00,-145.00,-648.00,94582,0
-202.00,-120.00,-639.00,94616,0
-180.00,-25.00,-628.00,94651,0
-216.00,32.00,-685.00,94684,0
-212.00,-2.00,-673.00,94716,0
-196.00,57.00,-685.00,94748,0
-160.00,120.00,-663.00,94781,0
-141.00,152.00,-649.00,94814,0
-148.00,159.00,-656.00,94848,0
-128.00,167.00,-625.00,94880,0
-133.00,135.00,-625.00,94914,0
-157.00,113.00,-656.00,94947,0
-177.00,105.00,-679.00,94981,0
-184.00,94.00,-681.00,95013,0
-177.00,76.00,-656.00,95046,0
-176.00,-1.00,-637.00,95078,0
-193.00,-29.00,-653.00,95111,0
-200.00,17.00,-672.00,95143,0
-189.00,31.00,-665.00,95175,0
-189.00,35.00,-658.00,95208,0
-178.00,41.00,-632.00,95240,0
-193.00,3.00,-647.00,95272,0
-225.00,3.00,-674.00,95304,0
-244.00,3.00,-669.00,95336,0
-249.00,-15.00,-660.00,95367,0
-255.00,-10.00,-625.00,95399,0
-258.00,7.00,-616.00,95432,0
-295.00,7.00,-648.00,95464,0
-324.00,-1.00,-689.00,95496,0
-336.00,7.00,-714.00,95527,0
-317.00,22.00,-712.00,95559,0
-264.00,48.00,-676.00,95591,0
-218.00,35.00,-650.00,95623,0
-196.00,9.00,-637.00,95655,0
-177.00,-18.00,-618.00,95687,0
-167.00,-8.00,-621.00,95720,0
-178.00,-40.00,-623.00,95752,0
-208.00,-34.00,-650.00,95785,0
-241.00,-23.00,-674.00,95818,0
-244.00,-16.00,-680.00,95852,0
-228.00,-15.00,-666.00,95885,0
-215.00,3.00,-657.00,95919,0
-210.00,24.00,-653.00,95949,0
-189.00,24.00,-633.00,95982,0
-193.00,14.00,-644.00,96014,0
-199.00,3.00,-648.00,96047,0
-205.00,19.00,-648.00,96077,0
-223.00,28.00,-660.00,96110,0
-225.00,39.00,-648.00,96142,0
-237.00,27.00,-665.00,96174,0
-237.00,8.00,-663.00,96206,0
-234.00,-7.00,-664.00,96238,0
-225.00,1.00,-655.00,96270,0
-223.00,1.00,-649.00,96302,0
-225.00,0.00,-655.00,96333,0
-231.00,-1.00,-653.00,96364,0
-232.00,-1.00,-657.00,96396,0
-225.00,-2.00,-653.00,96428,0
-225.00,12.00,-656.00,96460,0
-228.00,7.00,-653.00,96492,0
-232.00,3.00,-660.00,96524,0
-225.00,-7.00,-650.00,96556,0
-221.00,-10.00,-648.00,96587,0
-223.00,0.00,-653.00,96620,0
-226.00,-2.00,-665.00,96652,0
-239.00,-29.00,-669.00,96684,0
-221.00,-4.00,-637.00,96717,0
-218.00,12.00,-641.00,96749,0
-224.00,19.00,-655.00,96782,0
-237.00,24.00,-660.00,96814,0
-228.00,24.00,-656.00,96846,0
-225.00,22.00,-648.00,96878,0
-239.00,44.00,-665.00,96911,0
-237.00,35.00,-660.00,96943,0
-241.00,12.00,-666.00,96975,0
-221.00,14.00,-650.00,97007,0
-218.00,28.00,-634.00,97039,0
-209.00,24.00,-625.00,97072,0
-232.00,19.00,-648.00,97103,0
-231.00,7.00,-644.00,97136,0
-225.00,15.00,-656.00,97168,0
-232.00,24.00,-663.00,97200,0
-217.00,7.00,-644.00,97231,0
-212.00,-20.00,-640.00,97263,0
-210.00,-24.00,-628.00,97296,0
-194.00,-13.00,-591.00,97330,0
-241.00,-72.00,-616.00,97362,0
-328.00,-176.00,-647.00,97396,0
-367.00,-208.00,-656.00,97430,0
-392.00,-225.00,-665.00,97465,0
-388.00,-212.00,-657.00,97499,0
-385.00,-189.00,-653.00,97533,0
-376.00,-154.00,-648.00,97567,0
-356.00,-138.00,-637.00,97602,0
-344.00,-130.00,-632.00,97637,0
-340.00,-136.00,-639.00,97671,0
-330.00,-125.00,-628.00,97705,0
-317.00,-100.00,-621.00,97739,0
-322.00,-100.00,-626.00,97774,0
-329.00,-116.00,-639.00,97808,0
-329.00,-136.00,-628.00,97843,0
