-177,1,-680,114539,0
-192,12,-685,114570,0
-193,19,-687,114600,0
-196,25,-681,114631,0
-185,19,-676,114662,0
-184,19,-672,114693,0
-177,3,-680,114723,0
-177,3,-689,114754,0
-177,12,-689,114785,0
-177,19,-672,114816,0
-172,19,-672,114847,0
-186,19,-685,114878,0
-177,33,-677,114909,0
-176,28,-669,114939,0
-176,17,-681,114970,0
-177,24,-672,115001,0
-177,19,-672,115032,0
-177,15,-665,115062,0
-192,15,-676,115094,0
-208,23,-689,115125,0
-205,31,-680,115155,0
-200,7,-674,115186,0
-201,0,-690,115217,0
-189,1,-680,115248,0
-185,8,-669,115278,0
-185,6,-672,115309,0
-189,7,-680,115340,0
-192,15,-673,115371,0
-189,22,-671,115401,0
-196,24,-674,115433,0
-196,7,-685,115464,0
-193,6,-680,115494,0
-185,7,-669,115525,0
-185,16,-673,115556,0
-192,19,-681,115587,0
-193,19,-682,115617,0
-192,16,-676,115648,0
-188,23,-680,115679,0
-177,12,-672,115709,0
-168,12,-660,115741,0
-175,16,-672,115772,0
-191,12,-689,115803,0
-196,3,-690,115833,0
-199,-12,-692,115864,0
-177,3,-685,115895,0
-170,-1,-676,115926,0
-144,38,-621,115956,0
-169,79,-633,115987,0
-216,51,-672,116018,0
-240,-8,-704,116048,0
-244,-56,-719,116080,0
-221,-57,-709,116111,0
-185,-8,-674,116142,0
-168,39,-656,116172,0
-180,79,-649,116203,0
-194,97,-650,116234,0
-218,88,-672,116264,0
-237,78,-676,116295,0
-258,52,-689,116326,0
-260,15,-697,116358,0
-237,6,-695,116388,0
-217,0,-676,116419,0
-200,-13,-672,116450,0
-189,-4,-672,116481,0
-192,-1,-665,116511,0
-193,7,-665,116542,0
-201,22,-669,116573,0
-217,25,-685,116603,0
-212,12,-685,116634,0
-205,0,-674,116665,0
-196,-4,-674,116697,0
-185,-8,-671,116727,0
-178,-16,-663,116758,0
-193,-2,-672,116789,0
-200,9,-680,116819,0
-196,24,-680,116850,0
-193,23,-672,116881,0
-201,16,-676,116912,0
-205,7,-676,116942,0
-197,12,-673,116973,0
-200,16,-672,117005,0
-201,12,-672,117036,0
-205,15,-679,117066,0
-205,12,-685,117097,0
-200,-1,-681,117128,0
-193,0,-665,117158,0
-193,8,-666,117189,0
-196,19,-674,117220,0
-200,7,-680,117251,0
-200,-1,-680,117281,0
-196,-7,-674,117312,0
-199,3,-671,117343,0
-205,1,-680,117374,0
-205,-4,-676,117405,0
-200,-4,-672,117436,0
-191,-4,-676,117467,0
-194,7,-673,117497,0
-194,-8,-666,117528,0
-200,-1,-672,117559,0
-208,16,-674,117590,0
-208,19,-676,117620,0
-205,12,-673,117651,0
-200,-15,-674,117682,0
-200,-1,-676,117713,0
-200,31,-676,117744,0
-194,12,-669,117775,0
-193,12,-665,117806,0
-215,22,-679,117836,0
-237,199,-660,117867,0
-253,328,-653,117898,0
-260,280,-666,117928,0
-228,32,-637,117960,0
-140,-244,-576,117991,0
-57,-695,-564,118022,0
-121,-813,-682,118052,0
-301,-642,-808,118083,0
-317,-477,-756,118114,0
-215,-279,-626,118146,0
-249,19,-585,118176,0
-322,300,-666,118207,0
-317,119,-698,118238,1
-269,15,-673,118268,0
-216,-16,-647,118299,0
-212,15,-665,118330,0
-231,19,-690,118361,0
-217,47,-688,118392,0
-192,87,-671,118423,0
-168,118,-665,118454,0
-157,92,-663,118484,0
-154,49,-666,118515,0
-160,30,-665,118546,0
-153,19,-648,118577,0
-168,30,-656,118607,0
-191,39,-665,118639,0
-205,31,-663,118670,0
-225,15,-689,118701,0
-234,16,-697,118731,0
-232,32,-689,118762,0
-221,40,-669,118793,0
-216,35,-669,118823,0
-231,28,-680,118854,0
-232,22,-682,118885,0
-223,12,-680,118917,0
-221,15,-680,118947,0
-215,22,-676,118978,0
-201,28,-669,119009,0
-196,15,-663,119040,0
-193,15,-660,119070,0
-207,19,-680,119101,0
-210,16,-676,119132,0
-205,17,-676,119162,0
-208,24,-680,119194,0
-212,22,-680,119225,0
-212,3,-676,119256,0
-216,7,-672,119286,0
-217,24,-673,119317,0
-217,48,-665,119348,0
-220,41,-672,119378,0
-223,33,-680,119409,0
-225,31,-685,119440,0
-217,38,-676,119471,0
-212,39,-672,119502,0
-212,31,-672,119533,0
-210,24,-672,119564,0
-209,14,-665,119595,0
-208,-1,-669,119625,0
-210,-2,-679,119656,0
-210,32,-672,119687,0
-223,46,-674,119717,0
-217,28,-676,119748,0
-217,14,-671,119780,0
-218,-4,-674,119811,0
-228,6,-676,119841,0
-232,-1,-680,119872,0
-217,-4,-669,119903,0
-225,24,-672,119933,0
-228,56,-677,119964,0
-249,150,-672,119995,0
-290,550,-653,120026,0
-284,665,-623,120057,0
-281,319,-617,120088,0
-242,-113,-591,120119,0
-55,-1137,-541,120150,0
-121,-1101,-676,120180,0
-298,-660,-792,120211,0
-353,-260,-765,120243,0
-328,-49,-689,120273,0
-288,-77,-652,120304,1
-274,-80,-640,120335,0
-241,-7,-607,120366,0
-189,83,-580,120396,0
-272,60,-676,120427,0
-288,24,-708,120458,0
-264,7,-697,120488,0
-249,-32,-687,120520,0
-242,-25,-671,120551,0
-232,-8,-656,120582,0
-241,7,-665,120612,0
-244,39,-685,120643,0
-218,48,-666,120674,0
-189,44,-648,120705,0
-196,35,-664,120735,0
-224,12,-695,120766,0
-212,-8,-682,120797,0
-212,-17,-672,120828,0
-221,-13,-676,120859,0
-228,-1,-666,120890,0
-231,0,-676,120921,0
-232,1,-674,120951,0
-232,-9,-669,120982,0
-232,-16,-666,121013,0
-237,-20,-672,121043,0
-248,-25,-689,121074,0
-240,-33,-680,121105,0
-231,-34,-674,121137,0
-218,-17,-672,121167,0
-217,-16,-671,121198,0
-225,-16,-679,121229,0
-225,-25,-674,121260,0
-226,-36,-672,121290,0
-228,-36,-674,121321,0
-232,-25,-674,121352,0
-231,-13,-672,121383,0
-232,-9,-665,121414,0
-225,6,-672,121445,0
-232,3,-680,121476,0
-232,-4,-674,121506,0
-237,-2,-673,121537,0
-233,-8,-680,121568,0
-231,-7,-672,121598,0
-232,-7,-672,121629,0
-228,-1,-669,121660,0
-225,-13,-672,121691,0
-232,-10,-676,121721,0
-239,-8,-680,121753,0
-241,-8,-676,121784,0
-237,-8,-676,121815,0
-228,-8,-671,121845,0
-226,-10,-676,121876,0
-225,-2,-669,121907,0
-225,1,-665,121937,0
-226,-13,-672,121968,0
-233,-16,-681,121999,0
-237,-20,-674,122030,0
-232,-16,-680,122061,0
-232,-2,-672,122092,0
-231,3,-676,122123,0
-232,-7,-672,122153,0
-232,-2,-664,122184,0
-228,-20,-673,122215,0
-232,-4,-672,122246,0
-231,-16,-674,122276,0
-241,-1,-674,122307,0
-260,332,-653,122338,0
-281,568,-625,122370,0
-320,636,-608,122400,0
-298,-25,-625,122431,0
-217,-488,-621,122462,0
-143,-921,-594,122492,0
-186,-938,-697,122523,0
-271,-692,-749,122554,0
-242,-436,-685,122586,0
-221,-167,-608,122616,1
-240,15,-616,122647,0
-305,57,-689,122678,0
-292,79,-658,122708,0
-208,-47,-592,122739,0
-218,-106,-621,122770,0
-249,-120,-656,122802,0
-258,-152,-665,122832,0
-288,-175,-705,122863,0
-295,-177,-717,122894,0
-281,-146,-696,122925,0
-241,-100,-672,122955,0
-221,-34,-648,122987,0
-193,44,-629,123018,0
-186,15,-633,123048,0
-212,-40,-673,123079,0
-241,-64,-705,123110,0
-234,-48,-688,123141,0
-239,-23,-676,123171,0
-237,0,-660,123202,0
-215,-4,-658,123233,0
-215,-18,-665,123265,0
-210,-32,-669,123295,0
-217,-52,-674,123326,0
-225,-20,-665,123357,0
-240,144,-656,123387,0
-296,403,-666,123418,0
-311,384,-665,123449,0
-228,-130,-605,123481,1
-103,-770,-552,123511,0
-121,-873,-648,123542,0
-264,-712,-761,123573,0
-253,-522,-708,123603,0
-233,-266,-650,123634,0
-249,-79,-655,123665,0
-281,-8,-673,123697,0
-248,31,-648,123727,0
-208,63,-610,123758,0
-208,51,-609,123789,0
-233,-36,-660,123820,0
-263,-68,-697,123850,0
-266,-79,-701,123881,0
-244,-80,-672,123912,0
-249,-72,-682,123942,0
-244,-45,-676,123974,0
-225,19,-665,124005,0
-217,12,-660,124036,0
-221,12,-671,124066,0
-226,32,-665,124097,0
-233,83,-655,124128,0
-269,289,-660,124158,0
-285,412,-633,124189,0
-279,193,-616,124221,0
-189,-389,-569,124252,0
-109,-973,-577,124282,1
-225,-925,-730,124313,0
-346,-701,-808,124344,0
-308,-480,-704,124376,0
-249,-297,-609,124406,0
-288,-57,-644,124437,0
-304,15,-665,124468,0
-242,49,-642,124498,0
-193,56,-609,124529,0
-196,-1,-626,124560,0
-223,-49,-665,124591,0
-223,-68,-680,124621,0
-221,-72,-680,124653,0
-224,-26,-676,124684,0
-225,-1,-673,124715,0
-225,17,-672,124745,0
-212,15,-665,124776,0
-217,-8,-671,124807,0
-232,12,-674,124837,0
-234,7,-672,124868,0
-233,-29,-671,124899,0
-237,-45,-674,124930,0
-239,-40,-672,124961,0
-232,-32,-671,124992,0
-232,-8,-674,125023,0
-226,47,-676,125053,0
-260,284,-676,125084,0
-296,492,-649,125115,0
-265,255,-609,125146,0
-210,-130,-551,125177,0
-121,-897,-541,125208,1
-180,-1000,-680,125239,0
-333,-570,-792,125270,0
-271,-281,-697,125300,0
-225,-148,-634,125331,0
-258,-212,-660,125363,0
-276,-212,-688,125393,0
-233,-180,-665,125424,0
-173,-144,-617,125455,0
-153,-80,-601,125486,0
-169,-89,-648,125516,0
-189,-93,-687,125547,0
-168,-112,-679,125579,0
-154,-98,-663,125609,0
-160,-79,-665,125640,0
-167,-49,-665,125671,0
-186,-31,-676,125702,0
-193,-40,-680,125732,0
-207,-10,-672,125763,0
-218,31,-690,125794,0
-216,24,-674,125826,0
-208,-25,-663,125856,0
-212,-68,-672,125887,0
-212,-88,-682,125918,0
-210,-84,-680,125948,0
-207,-79,-676,125979,0
-208,-73,-680,126010,0
-189,-57,-672,126041,0
-186,-48,-665,126072,0
-189,-58,-671,126103,0
-193,-71,-676,126134,0
-194,-61,-671,126164,0
-193,-32,-669,126195,0
-217,-32,-688,126226,0
-218,-39,-681,126257,0
-208,-77,-671,126287,0
-212,-64,-676,126318,0
-217,-40,-676,126350,0
-225,-31,-689,126381,0
-209,-24,-676,126411,0
-216,-31,-674,126442,0
-218,-40,-680,126473,0
-210,-50,-669,126503,0
-208,-88,-672,126534,0
-202,-80,-674,126565,0
-200,-68,-672,126597,0
-202,-45,-672,126627,0
-210,-32,-672,126658,0
-217,-45,-680,126689,0
-210,-55,-672,126720,0
-208,-55,-672,126750,0
-212,-52,-680,126781,0
-202,-61,-679,126812,0
-201,-61,-680,126843,0
-200,-50,-672,126874,0
-208,-36,-680,126905,0
-208,-32,-676,126936,0
-217,-8,-672,126966,0
-248,176,-666,126997,0
-281,375,-660,127028,0
-285,316,-648,127058,0
-210,-199,-633,127090,0
-153,-560,-647,127121,1
-185,-663,-713,127152,0
-215,-637,-724,127182,0
-191,-541,-685,127213,0
-200,-370,-672,127244,0
-192,-185,-642,127276,0
-177,-32,-639,127306,0
-164,28,-640,127337,0
-153,103,-626,127368,0
-164,135,-633,127398,0
-186,49,-669,127429,0
-200,-25,-689,127460,0
-217,-58,-703,127491,0
-208,-61,-688,127522,0
-200,-32,-680,127553,0
-208,-9,-690,127584,0
-210,32,-676,127614,0
-205,62,-664,127645,0
-208,76,-663,127676,0
-216,48,-676,127707,0
-217,17,-685,127737,0
-205,-2,-682,127768,0
-200,-25,-680,127800,0
-193,-52,-680,127831,0
-189,-52,-676,127861,0
-193,-34,-673,127892,0
-200,-29,-674,127923,0
-200,-31,-679,127953,0
-207,-25,-672,127984,0
-210,-29,-672,128015,0
-212,-29,-676,128047,0
-208,-32,-680,128077,0
-210,-32,-682,128108,0
-208,-32,-674,128139,0
-208,-32,-674,128169,0
-207,-29,-679,128200,0
-208,-29,-680,128231,0
-205,-26,-674,128262,0
-200,-16,-672,128292,0
-208,-18,-674,128324,0
-196,-29,-672,128355,0
-200,-25,-676,128386,0
-205,-16,-676,128416,0
-207,12,-671,128447,0
-216,96,-665,128478,0
-218,316,-656,128508,0
-223,457,-623,128539,0
-224,248,-605,128571,0
-173,-689,-625,128602,0
-205,-928,-738,128632,0
-314,-663,-813,128663,0
-296,-441,-751,128694,0
-202,-208,-612,128724,0
-196,51,-580,128756,0
-256,177,-649,128787,0
-290,265,-697,128818,1
-215,240,-617,128848,0
-141,51,-577,128879,0
-208,-16,-682,128910,0
-255,-64,-751,128941,0
-233,-52,-721,128972,0
-207,-8,-674,129003,0
-194,31,-663,129034,0
-210,71,-680,129064,0
-193,97,-666,129095,0
-180,71,-656,129126,0
-185,38,-655,129157,0
-200,31,-669,129187,0
-212,39,-673,129218,0
-218,35,-676,129250,0
-225,30,-688,129281,0
-225,15,-682,129311,0
-212,1,-669,129342,0
-193,-8,-669,129373,0
-196,-7,-672,129403,0
-200,-18,-672,129434,0
-208,-8,-673,129465,0
-216,7,-680,129496,0
-218,8,-679,129526,0
-228,79,-672,129557,0
-265,471,-648,129589,0
-289,851,-592,129619,0
-297,150,-631,129650,0
-208,-744,-634,129681,0
-121,-1113,-665,129712,0
-202,-989,-754,129742,0
-249,-665,-740,129774,0
-217,-353,-656,129805,0
-217,-89,-631,129836,0
-196,131,-612,129866,0
-215,142,-648,129897,0
-216,271,-647,129928,0
-192,219,-624,129958,0
-202,46,-656,129990,0
-226,-98,-708,130021,1
-215,-125,-705,130052,0
-196,-89,-688,130082,0
-205,-52,-697,130113,0
-221,3,-703,130144,0
-189,22,-672,130174,0
-180,38,-656,130205,0
-157,32,-634,130237,0
-168,16,-649,130268,0
-186,-10,-685,130298,0
-201,9,-690,130329,0
-212,56,-688,130360,0
-216,64,-689,130391,0
-208,49,-680,130421,0
-200,28,-682,130452,0
-200,7,-681,130483,0
-186,-2,-676,130513,0
-178,-18,-665,130545,0
-193,-18,-666,130576,0
-204,7,-676,130607,0
-210,31,-676,130637,0
-205,56,-676,130668,0
-196,120,-671,130699,0
-196,371,-625,130729,0
-180,558,-586,130760,0
-208,280,-612,130792,0
-241,-288,-633,130823,0
-210,-932,-681,130853,0
-288,-864,-794,130884,0
-328,-592,-781,130915,0
-221,-365,-656,130946,0
-180,-122,-594,130977,0
-191,51,-609,131008,0
-207,199,-621,131039,0
-196,560,-601,131069,1
-159,398,-580,131100,0
-193,28,-653,131131,0
-256,-200,-759,131162,0
-249,-241,-753,131193,0
-218,-183,-698,131224,0
-184,-49,-642,131255,0
-196,60,-649,131286,0
-232,92,-681,131316,0
-217,83,-672,131347,0
-208,83,-660,131378,0
-208,97,-664,131408,0
-201,83,-669,131440,0
-205,105,-665,131471,0
-224,96,-681,131502,0
-232,62,-692,131532,0
-223,14,-685,131563,0
-212,14,-682,131594,0
-207,25,-672,131624,0
-201,44,-666,131655,0
-200,76,-665,131687,0
-209,67,-679,131718,0
-217,48,-680,131748,0
-218,49,-682,131779,0
-225,33,-689,131810,0
-221,28,-681,131841,0
-202,19,-665,131871,0
-208,3,-674,131902,0
-208,24,-672,131933,0
-209,16,-672,131963,0
-210,12,-673,131995,0
-221,17,-672,132026,0
-232,33,-680,132057,0
-231,33,-687,132087,0
-221,33,-680,132118,0
-216,28,-680,132149,0
-212,15,-672,132179,0
-200,15,-672,132210,0
-200,24,-671,132242,0
-209,40,-676,132273,0
-216,35,-679,132303,0
-212,28,-673,132334,0
-212,30,-671,132365,0
-221,32,-672,132396,0
-224,31,-672,132426,0
-221,24,-685,132457,0
-225,16,-680,132488,0
-221,7,-680,132518,0
-217,15,-673,132550,0
-215,19,-672,132581,0
-221,28,-672,132612,0
-217,24,-673,132642,0
-223,23,-676,132673,0
-208,14,-679,132704,0
-217,19,-679,132734,0
-217,22,-672,132765,0
-210,7,-679,132796,0
-217,19,-680,132828,0
-224,17,-681,132858,0
-225,24,-679,132889,0
-221,31,-672,132920,0
-225,24,-680,132951,0
-217,19,-674,132981,0
-216,28,-680,133012,0
-221,23,-685,133043,0
-221,124,-671,133074,0
-217,243,-649,133105,0
-239,393,-648,133136,0
-269,345,-655,133167,0
-269,110,-633,133197,0
-232,-248,-624,133228,0
-223,-656,-676,133259,0
-250,-759,-738,133291,0
-292,-580,-770,133321,0
-250,-375,-712,133352,0
-196,-185,-637,133383,0
-180,28,-610,133413,0
-162,191,-609,133444,0
-159,142,-609,133476,1
-180,76,-676,133507,0
-200,48,-697,133537,0
-177,14,-671,133568,0
-177,7,-665,133599,0
-193,6,-680,133629,0
-205,49,-676,133660,0
-205,63,-664,133691,0
-212,57,-679,133722,0
-228,79,-696,133753,0
-232,56,-692,133784,0
-215,39,-674,133815,0
-208,31,-669,133846,0
-215,31,-680,133876,0
-216,39,-674,133907,0
-223,49,-680,133938,0
-225,38,-672,133968,0
-228,3,-680,133999,0
-218,-25,-680,134031,0
-208,-16,-679,134062,0
-205,7,-674,134092,0
-210,3,-687,134123,0
-212,19,-681,134154,0
-200,24,-669,134184,0
-200,51,-664,134215,0
-201,249,-639,134246,0
-223,483,-632,134277,0
-255,319,-656,134308,0
-260,-52,-647,134339,0
-170,-641,-609,134370,0
-200,-804,-712,134401,0
-303,-617,-801,134431,0
-281,-449,-740,134462,0
-196,-255,-634,134494,0
-180,-143,-616,134524,1
-221,12,-657,134555,0
-200,127,-633,134586,0
-176,143,-616,134617,0
-200,105,-653,134647,0
-212,56,-680,134678,0
-209,28,-674,134710,0
-216,24,-674,134740,0
-225,48,-680,134771,0
-241,73,-701,134802,0
-232,96,-687,134833,0
-217,96,-666,134863,0
-207,86,-665,134894,0
-205,65,-665,134925,0
-208,35,-665,134956,0
-216,7,-673,134986,0
-226,6,-689,135018,0
-233,39,-690,135049,0
-217,24,-679,135079,0
-209,28,-672,135110,0
-208,35,-672,135141,0
-200,25,-672,135172,0
-205,-7,-672,135202,0
-216,-13,-685,135233,0
-221,9,-685,135264,0
-225,35,-680,135294,0
-221,48,-669,135326,0
-215,40,-676,135357,0
-216,40,-676,135388,0
-215,102,-669,135418,0
-241,192,-688,135449,0
-284,476,-674,135480,0
-292,664,-639,135511,0
-303,342,-632,135542,0
-234,-221,-601,135573,0
-88,-836,-609,135604,0
-168,-737,-705,135634,0
-232,-663,-737,135665,1
-202,-521,-681,135696,0
-223,-336,-676,135728,0
-221,-160,-656,135758,0
-208,-73,-648,135789,0
-208,-45,-644,135820,0
-189,88,-616,135851,0
-196,76,-633,135881,0
-207,40,-665,135912,0
-225,7,-687,135943,0
-237,-64,-704,135974,0
-248,-106,-706,136005,0
-249,-97,-701,136036,0
-228,-61,-673,136067,0
-225,-18,-653,136097,0
-226,41,-674,136128,0
-234,56,-690,136159,0
-237,63,-681,136189,0
-215,41,-672,136220,0
-207,0,-672,136252,0
-205,-40,-681,136283,0
-193,-49,-671,136313,0
-193,-65,-660,136344,0
-207,-34,-680,136375,0
-212,-25,-680,136406,0
-212,-16,-672,136436,0
-208,-16,-669,136467,0
-224,-18,-681,136499,0
-233,-40,-692,136529,0
-232,-60,-687,136560,0
-217,-13,-660,136591,0
-210,28,-658,136622,0
-215,79,-665,136652,0
-237,225,-656,136683,0
-276,455,-660,136714,0
-305,339,-676,136745,0
-266,-2,-639,136776,0
-160,-552,-596,136807,0
-168,-753,-680,136838,1
-264,-648,-786,136868,0
-196,-415,-687,136899,0
-159,-264,-628,136931,0
-177,-167,-655,136962,0
-202,-72,-669,136992,0
-201,-21,-658,137023,0
-175,-8,-632,137054,0
-175,19,-631,137084,0
-194,44,-653,137115,0
-200,60,-672,137146,0
-224,15,-697,137177,0
-236,-17,-712,137208,0
-225,-25,-692,137239,0
-207,7,-666,137270,0
-205,40,-663,137300,0
-215,51,-676,137331,0
-218,19,-689,137362,0
-210,-24,-685,137393,0
-193,-32,-671,137423,0
-191,-29,-665,137454,0
-186,-36,-672,137486,0
-196,-32,-680,137517,0
-200,-25,-685,137547,0
-200,-31,-680,137578,0
-189,-52,-680,137609,0
-201,-40,-680,137639,0
-193,-4,-671,137670,0
-192,-8,-671,137701,0
-209,24,-674,137732,0
-216,25,-677,137763,0
-221,46,-672,137794,0
-228,192,-658,137825,0
-257,390,-648,137856,0
-280,344,-657,137886,0
-253,-93,-653,137917,0
-178,-521,-637,137948,0
-185,-708,-690,137979,0
-256,-695,-769,138010,0
-248,-596,-736,138041,0
-215,-369,-679,138072,0
-189,-175,-633,138102,0
-177,-8,-609,138133,0
-177,199,-589,138164,0
-208,184,-648,138195,0
-234,107,-689,138226,1
-217,48,-685,138257,0
-207,35,-672,138288,0
-215,49,-689,138318,0
-225,56,-708,138349,0
-224,64,-705,138380,0
-193,103,-658,138412,0
-167,103,-648,138442,0
-180,86,-666,138473,0
-186,83,-682,138504,0
-193,88,-681,138534,0
-193,103,-672,138565,0
-193,89,-669,138596,0
-202,70,-672,138627,0
-205,51,-669,138657,0
-201,30,-682,138689,0
-205,24,-676,138720,0
-212,19,-680,138750,0
-225,12,-689,138781,0
-228,19,-685,138812,0
-225,39,-676,138843,0
-231,67,-676,138873,0
-228,192,-660,138904,0
-228,348,-657,138936,0
-237,463,-641,138967,0
-239,263,-618,138997,0
-205,-416,-633,139028,0
-193,-810,-705,139059,0
-260,-669,-776,139089,0
-242,-473,-729,139121,0
-177,-281,-641,139152,0
-193,-88,-640,139183,0
-209,76,-640,139213,1
-215,184,-647,139244,0
-201,255,-648,139275,0
-201,247,-648,139305,0
-217,143,-674,139337,0
-221,9,-697,139368,0
-220,-64,-701,139399,0
-200,-36,-665,139429,0
-202,-8,-665,139460,0
-223,56,-681,139491,0
-228,118,-685,139522,0
-241,135,-692,139552,0
-228,137,-669,139584,0
-221,99,-665,139615,0
-225,81,-672,139645,0
-208,31,-679,139676,0
-209,25,-685,139707,0
-201,44,-679,139738,0
-201,56,-672,139768,0
-205,56,-671,139799,0
-205,46,-672,139831,0
-205,70,-665,139862,0
-208,103,-665,139892,0
-225,112,-680,139923,0
-221,200,-672,139954,0
-208,271,-656,139984,0
-221,344,-626,140015,0
-225,227,-607,140047,0
-201,-308,-642,140078,0
-205,-553,-679,140108,0
-255,-625,-737,140139,0
-296,-477,-753,140170,1
-240,-295,-657,140200,0
-232,-97,-637,140232,0
-274,25,-676,140263,0
-274,135,-680,140294,0
-242,145,-653,140324,0
-215,88,-634,140355,0
-215,33,-650,140386,0
-218,-4,-682,140417,0
-208,30,-669,140447,0
-217,65,-687,140478,0
-218,88,-688,140510,0
-215,80,-679,140540,0
-199,49,-663,140571,0
-189,48,-653,140602,0
-200,47,-673,140633,0
-193,48,-676,140663,0
-207,54,-672,140694,0
-215,48,-681,140725,0
-228,20,-689,140756,0
-226,3,-687,140787,0
-217,3,-679,140818,0
-212,24,-669,140849,0
-210,55,-665,140879,0
-221,64,-679,140910,0
-212,153,-665,140941,0
-217,204,-685,140972,0
-257,248,-708,141002,0
-217,291,-637,141034,0
-161,80,-569,141065,0
-157,-320,-605,141095,0
-225,-541,-724,141126,0
-292,-546,-793,141157,0
-231,-445,-680,141188,1
-199,-372,-628,141219,0
-253,-216,-672,141250,0
-272,-16,-674,141281,0
-231,167,-648,141312,0
-217,192,-650,141342,0
-221,184,-669,141373,0
-196,211,-658,141404,0
-177,176,-664,141435,0
-180,124,-672,141466,0
-193,63,-692,141497,0
-186,87,-685,141528,0
-175,142,-669,141558,0
-177,147,-665,141589,0
-184,124,-663,141620,0
-189,76,-672,141651,0
-196,73,-680,141682,0
-194,86,-669,141713,0
-200,102,-664,141744,0
-189,127,-658,141774,0
-210,243,-664,141805,0
-237,440,-648,141836,0
-281,582,-641,141868,0
-349,494,-655,141898,0
-249,-160,-580,141929,0
-119,-688,-548,141960,0
-160,-889,-672,141990,0
-241,-921,-753,142021,0
-215,-962,-708,142053,0
-232,-625,-687,142084,1
-228,-328,-650,142114,0
-194,-157,-616,142145,0
-153,-8,-605,142176,0
-132,47,-601,142206,0
-145,71,-626,142237,0
-148,96,-633,142269,0
-153,63,-644,142300,0
-185,-9,-671,142330,0
-225,7,-692,142361,0
-249,46,-695,142392,0
-257,81,-687,142423,0
-264,124,-680,142453,0
-269,168,-672,142484,0
-280,172,-677,142516,0
-272,147,-680,142546,0
-272,96,-687,142577,0
-263,79,-685,142608,0
-253,89,-674,142639,0
-249,78,-676,142669,0
-232,35,-679,142700,0
-228,15,-680,142731,0
-209,24,-664,142761,0
-205,30,-660,142793,0
-201,25,-665,142824,0
-202,49,-660,142855,0
-208,41,-663,142885,0
-225,55,-673,142916,0
-241,248,-648,142947,0
-266,425,-656,142978,0
-301,344,-689,143008,0
-296,112,-682,143040,0
-218,-168,-592,143071,0
-141,-538,-569,143101,0
-221,-607,-697,143132,0
-287,-445,-759,143163,0
-208,-356,-647,143194,1
-193,-313,-633,143225,0
-244,-240,-688,143256,0
-247,-183,-689,143287,0
-209,-144,-648,143318,0
-185,-113,-625,143348,0
-192,-45,-633,143379,0
-202,71,-640,143411,0
-217,56,-665,143441,0
-248,33,-685,143472,0
-269,76,-692,143503,0
-269,92,-689,143534,0
-264,103,-681,143564,0
-253,96,-665,143595,0
-250,79,-671,143626,0
-240,103,-672,143657,0
-232,99,-676,143688,0
-224,99,-674,143719,0
-212,73,-665,143750,0
-207,48,-658,143780,0
-217,41,-672,143811,0
-221,17,-676,143842,0
-217,22,-669,143873,0
-218,46,-658,143903,0
-233,96,-673,143935,0
-264,220,-663,143966,0
-324,455,-673,143996,0
-360,488,-680,144027,0
-333,239,-663,144058,0
-274,8,-616,144089,0
-208,-386,-594,144119,0
-180,-689,-632,144151,0
-228,-711,-746,144182,0
-232,-561,-744,144212,1
-177,-388,-669,144243,0
-148,-264,-621,144274,0
-160,-200,-644,144305,0
-186,-122,-673,144336,0
-173,-8,-642,144367,0
-144,72,-625,144398,0
-164,97,-633,144429,0
-177,99,-647,144459,0
-191,51,-665,144490,0
-224,-29,-692,144521,0
-244,-52,-705,144551,0
-249,-40,-697,144583,0
-241,16,-689,144614,0
-232,44,-672,144645,0
-215,63,-669,144675,0
-212,38,-680,144706,0
-223,-9,-692,144737,0
-207,-10,-680,144768,0
-208,-1,-666,144798,0
-208,88,-658,144829,0
-223,211,-660,144861,0
-247,360,-653,144891,0
-224,127,-637,144922,0
-192,-148,-616,144953,0
-168,-500,-621,144984,0
-200,-637,-696,145014,0
-248,-580,-737,145045,0
-247,-488,-703,145077,0
-200,-410,-648,145107,1
-208,-304,-641,145138,0
-217,-212,-671,145169,0
-200,-138,-648,145200,0
-189,-9,-626,145230,0
-200,30,-633,145262,0
-225,22,-672,145293,0
-240,14,-680,145324,0
-221,-4,-665,145354,0
-224,-25,-665,145385,0
-232,49,-679,145416,0
-250,76,-697,145446,0
-257,83,-697,145477,0
-237,86,-669,145508,0
-228,79,-669,145540,0
-233,41,-674,145570,0
-223,-8,-673,145601,0
-225,-32,-665,145632,0
-217,-9,-671,145662,0
-215,-8,-669,145693,0
-212,-4,-673,145724,0
-212,-16,-672,145755,0
-221,-9,-666,145785,0
-232,-8,-679,145816,0
-240,-8,-687,145847,0
-232,-8,-679,145878,0
-231,-20,-672,145909,0
-225,-4,-669,145940,0
-233,28,-669,145971,0
-247,79,-680,146001,0
-253,70,-680,146032,0
-244,63,-665,146063,0
-272,339,-648,146094,0
-320,460,-680,146124,0
-340,180,-705,146156,0
-162,-424,-609,146187,0
-49,-722,-570,146217,0
-129,-690,-681,146248,0
-217,-623,-733,146279,0
-196,-488,-680,146310,0
-217,-285,-672,146341,0
-228,-180,-665,146372,0
-217,-32,-639,146403,0
-192,33,-632,146434,0
-205,63,-656,146464,0
-210,144,-656,146495,0
-194,143,-648,146526,1
-193,92,-660,146556,0
-210,15,-689,146588,0
-240,-4,-722,146619,0
-225,24,-701,146650,0
-205,70,-679,146680,0
-196,99,-657,146711,0
-185,120,-644,146742,0
-180,108,-653,146772,0
-189,78,-671,146803,0
-208,55,-688,146835,0
-221,63,-687,146866,0
-221,44,-688,146896,0
-217,48,-674,146927,0
-205,31,-669,146958,0
-215,19,-680,146989,0
-208,15,-682,147019,0
-205,35,-676,147050,0
-212,71,-660,147081,0
-218,140,-665,147112,0
-242,316,-660,147143,0
-260,424,-656,147174,0
-271,231,-649,147205,0
-216,-146,-605,147235,0
-145,-632,-629,147266,0
-218,-733,-736,147298,0
-279,-656,-776,147329,0
-234,-482,-712,147359,0
-185,-281,-640,147390,0
-199,7,-633,147421,0
-208,49,-658,147451,0
-208,57,-674,147482,0
-191,121,-656,147514,0
-168,115,-640,147545,1
-177,92,-656,147575,0
-173,68,-650,147606,0
-193,63,-669,147637,0
-217,64,-701,147667,0
-223,70,-697,147698,0
-217,92,-676,147729,0
-209,92,-663,147761,0
-218,76,-676,147791,0
-223,44,-685,147822,0
-223,16,-680,147853,0
-221,12,-676,147884,0
-212,19,-680,147914,0
-216,12,-672,147945,0
-205,7,-665,147976,0
-212,3,-680,148006,0
-217,6,-685,148037,0
-215,24,-673,148068,0
-218,55,-665,148100,0
-231,92,-671,148130,0
-239,199,-657,148161,0
-248,376,-624,148192,0
-218,192,-586,148222,0
-210,-288,-649,148253,0
-232,-637,-722,148285,0
-250,-720,-746,148316,0
-249,-596,-714,148346,0
-229,-383,-672,148377,0
-228,-104,-649,148408,0
-232,48,-648,148439,0
-242,88,-672,148469,1
-239,182,-655,148501,0
-194,145,-612,148532,0
-221,115,-648,148562,0
-244,99,-695,148593,0
-237,70,-701,148624,0
-208,92,-672,148655,0
-178,119,-656,148685,0
-185,108,-672,148717,0
-192,92,-680,148748,0
-196,104,-676,148779,0
-201,118,-672,148809,0
-202,135,-665,148840,0
-208,110,-660,148871,0
-207,55,-673,148901,0
-217,48,-689,148933,0
-221,40,-688,148964,0
-217,31,-682,148995,0
-208,39,-672,149025,0
-212,31,-669,149056,0
-217,48,-672,149087,0
-217,48,-673,149117,0
-215,56,-680,149148,0
-212,63,-676,149179,0
-217,56,-673,149211,0
-217,48,-669,149241,0
-223,31,-679,149272,0
-225,44,-679,149303,0
-228,92,-669,149334,0
-226,304,-650,149364,0
-217,428,-628,149395,0
-224,207,-632,149426,0
-202,-135,-612,149457,0
-199,-509,-655,149488,0
-249,-585,-737,149519,0
-308,-477,-765,149550,0
-264,-320,-689,149580,1
-223,-196,-633,149611,0
-260,-154,-680,149643,0
-257,-168,-685,149673,0
-217,-148,-647,149704,0
-185,-144,-616,149735,0
-186,-84,-625,149766,0
-200,-52,-656,149796,0
-200,-18,-656,149827,0
-225,24,-680,149859,0
-255,7,-701,149890,0
-242,17,-687,149920,0
-233,44,-669,149951,0
-228,88,-664,149982,0
-232,48,-664,150012,0
-240,-16,-680,150043,0
-249,-40,-688,150074,0
-232,-45,-680,150105,0
-231,19,-680,150136,0
-217,9,-669,150167,0
-215,1,-666,150198,0
-208,-16,-665,150228,0
-208,12,-660,150259,0
-223,9,-672,150290,0
-240,88,-672,150321,0
-264,191,-676,150351,0
-264,195,-653,150382,0
-216,23,-601,150414,0
-178,-407,-624,150445,0
-210,-628,-712,150475,0
-272,-544,-769,150506,0
-265,-474,-717,150537,0
-224,-336,-656,150567,0
-239,-193,-653,150599,0
-232,103,-625,150630,0
-218,224,-628,150661,0
-225,271,-656,150691,0
-217,270,-653,150722,0
-212,207,-648,150753,0
-212,86,-664,150784,1
-229,39,-692,150815,0
-237,64,-697,150846,0
-210,111,-687,150877,0
-208,124,-676,150907,0
-212,121,-672,150938,0
-200,120,-656,150969,0
-200,108,-648,151001,0
-208,83,-656,151031,0
-232,75,-687,151062,0
-248,67,-701,151093,0
-217,71,-679,151123,0
-216,59,-665,151154,0
-216,56,-671,151185,0
-228,60,-676,151216,0
-223,60,-671,151246,0
-225,51,-674,151278,0
-225,41,-676,151309,0
-233,56,-676,151340,0
-225,83,-669,151370,0
-240,199,-661,151401,0
-248,403,-650,151432,0
-276,444,-648,151462,0
-260,96,-601,151493,0
-157,-639,-610,151525,0
-237,-685,-769,151556,0
-320,-528,-832,151586,0
-212,-121,-644,151617,0
-168,112,-577,151648,0
-233,131,-656,151678,0
-266,115,-705,151710,0
-225,113,-669,151741,0
-170,179,-616,151772,0
-185,176,-633,151802,0
-237,156,-692,151833,0
-225,167,-676,151864,0
-239,192,-674,151896,1
-228,176,-669,151926,0
-232,143,-680,151957,0
-228,143,-680,151988,0
-208,147,-666,152018,0
-205,150,-665,152049,0
-207,167,-663,152081,0
-200,158,-665,152112,0
-200,126,-663,152142,0
-205,99,-673,152173,0
-212,86,-681,152204,0
-212,102,-680,152235,0
-210,107,-674,152265,0
-212,111,-669,152297,0
-200,103,-656,152328,0
-215,95,-672,152358,0
-221,102,-680,152389,0
-223,199,-671,152420,0
-228,344,-648,152451,0
-232,455,-625,152481,0
-232,152,-605,152513,0
-168,-525,-623,152544,0
-244,-529,-756,152574,0
-303,-392,-776,152605,0
-281,-154,-705,152636,0
-264,-2,-665,152667,0
-273,95,-671,152697,0
-260,214,-653,152729,0
-225,223,-625,152760,0
-208,259,-616,152791,0
-223,236,-657,152821,0
-256,207,-697,152852,1
-248,199,-680,152883,0
-237,209,-669,152914,0
-232,195,-669,152945,0
-234,176,-680,152976,0
-221,163,-672,153007,0
-205,150,-655,153037,0
-194,184,-642,153068,0
-210,179,-655,153100,0
-228,147,-674,153131,0
-239,96,-685,153161,0
-241,67,-689,153192,0
-239,71,-685,153223,0
-228,97,-672,153253,0
-226,108,-665,153284,0
-217,96,-672,153315,0
-221,103,-672,153347,0
-224,112,-669,153377,0
-225,140,-672,153408,0
-240,224,-665,153439,0
-248,364,-660,153469,0
-257,451,-642,153500,0
-250,304,-609,153532,0
-183,-189,-584,153563,0
-242,-449,-706,153593,0
-322,-503,-808,153624,0
-320,-426,-761,153655,0
-249,-244,-665,153686,0
-224,-93,-624,153716,0
-281,-42,-680,153748,0
-258,150,-650,153779,0
-232,159,-637,153809,0
-237,135,-650,153840,0
-234,124,-665,153871,0
-240,156,-669,153902,0
-228,184,-656,153933,0
-237,199,-665,153964,0
-241,190,-672,153995,0
-218,153,-674,154025,0
-224,183,-673,154056,1
-221,179,-665,154087,0
-208,166,-656,154119,0
-221,152,-660,154149,0
-225,127,-666,154180,0
-225,111,-665,154211,0
-232,104,-669,154242,0
-234,108,-676,154272,0
-232,96,-676,154303,0
-226,89,-673,154335,0
-232,80,-679,154365,0
-233,89,-674,154396,0
-232,96,-665,154427,0
-228,103,-665,154458,0
-232,111,-660,154488,0
-244,163,-666,154519,0
-269,359,-656,154550,0
-281,632,-633,154582,0
-296,359,-655,154612,0
-282,15,-672,154643,0
-216,-330,-628,154674,0
-154,-655,-632,154704,0
-232,-601,-740,154735,0
-271,-328,-744,154767,0
-210,-121,-660,154798,0
-193,-71,-641,154828,0
-240,-40,-680,154859,0
-225,94,-653,154890,0
-183,151,-612,154920,0
-200,159,-625,154951,0
-208,135,-644,154983,0
-225,86,-680,155014,0
-242,78,-695,155044,0
-232,78,-682,155075,0
-241,88,-687,155106,0
-244,104,-681,155137,1
-237,108,-666,155167,0
-234,103,-664,155199,0
-240,103,-666,155230,0
-232,81,-682,155260,0
-231,81,-666,155291,0
-225,72,-665,155322,0
-226,83,-658,155353,0
-234,79,-666,155383,0
-249,55,-685,155414,0
-241,24,-682,155445,0
-240,28,-676,155476,0
-228,71,-669,155507,0
-231,80,-666,155538,0
-232,103,-664,155569,0
-232,145,-671,155599,0
-248,195,-669,155630,0
-249,286,-665,155661,0
-253,215,-669,155693,0
-248,126,-657,155723,0
-193,-159,-592,155754,0
-201,-439,-647,155785,0
-276,-426,-744,155815,0
-314,-308,-770,155846,0
-257,-208,-687,155878,0
-193,-136,-609,155909,0
-212,-151,-644,155939,0
-223,-120,-666,155970,0
-193,-64,-653,156001,0
-184,-61,-637,156032,0
-200,-32,-653,156062,0
-234,-4,-682,156093,0
-241,39,-676,156125,0
-244,65,-665,156155,0
-249,79,-664,156186,0
-266,67,-679,156217,0
-266,65,-681,156248,0
-269,71,-676,156278,1
-263,67,-665,156309,0
-265,67,-665,156340,0
-272,79,-680,156371,0
-281,71,-690,156402,0
-272,54,-682,156433,0
-247,41,-660,156464,0
-249,39,-653,156494,0
-234,40,-656,156525,0
-248,32,-672,156556,0
-256,31,-685,156587,0
-255,38,-682,156617,0
-255,33,-672,156649,0
-249,28,-665,156680,0
-252,31,-664,156710,0
-255,31,-660,156741,0
-255,48,-671,156772,0
-253,60,-666,156803,0
-264,63,-671,156833,0
-276,200,-660,156864,0
-314,457,-650,156896,0
-317,359,-648,156926,0
-272,24,-633,156957,0
-232,-288,-657,156988,0
-244,-474,-712,157019,0
-218,-463,-679,157049,0
-193,-385,-653,157080,0
-232,-287,-688,157112,0
-241,-240,-680,157143,0
-244,-194,-679,157173,0
-224,-125,-648,157204,0
-201,-52,-631,157235,0
-212,30,-656,157265,0
-208,88,-647,157296,0
-191,44,-633,157328,0
-193,-16,-648,157359,0
-221,14,-665,157389,0
-250,32,-697,157420,0
-263,51,-705,157451,0
-242,54,-680,157481,1
-237,88,-665,157512,0
-241,127,-660,157543,0
-244,136,-669,157575,0
-244,113,-669,157605,0
-253,112,-672,157636,0
-253,121,-671,157667,0
-264,121,-672,157698,0
-265,112,-672,157728,0
-249,103,-669,157760,0
-260,96,-679,157791,0
-250,86,-674,157821,0
-260,71,-680,157852,0
-253,70,-672,157883,0
-249,76,-666,157914,0
-249,79,-665,157944,0
-249,80,-669,157975,0
-249,79,-673,158006,0
-253,150,-663,158038,0
-266,262,-656,158068,0
-272,353,-656,158099,0
-257,230,-648,158130,0
-247,12,-639,158160,0
-209,-249,-633,158191,0
-237,-391,-696,158223,0
-272,-426,-729,158254,0
-282,-301,-717,158284,0
-258,-128,-674,158315,0
-249,3,-656,158346,0
-249,113,-658,158376,0
-226,183,-644,158407,0
-210,156,-628,158439,0
-200,108,-617,158470,1
-212,71,-663,158500,0
-232,71,-689,158531,0
-232,72,-685,158562,0
-232,75,-680,158593,0
-232,83,-672,158623,0
-232,112,-665,158654,0
-232,137,-649,158686,0
-228,140,-656,158716,0
-241,115,-681,158747,0
-255,108,-689,158778,0
-241,103,-672,158809,0
-237,108,-664,158839,0
-237,95,-669,158871,0
-239,94,-672,158902,0
-228,88,-672,158932,0
-225,67,-672,158963,0
-228,71,-673,158994,0
-233,67,-672,159025,0
-234,86,-672,159055,0
-232,112,-664,159086,0
-237,164,-656,159118,0
-260,391,-639,159149,0
-277,504,-637,159179,0
-288,167,-640,159210,0
-207,-450,-640,159241,0
-264,-528,-737,159271,0
-298,-445,-764,159302,0
-241,-308,-689,159334,0
-209,-168,-641,159365,0
-228,-57,-665,159395,0
-264,-31,-697,159426,0
-255,-36,-689,159457,0
-185,126,-600,159488,0
-199,144,-624,159518,0
-237,120,-672,159550,1
-232,91,-673,159581,0
-228,71,-673,159611,0
-228,71,-680,159642,0
-241,67,-687,159673,0
-237,92,-685,159704,0
-212,112,-657,159734,0
-207,134,-658,159766,0
-209,124,-665,159797,0
-217,104,-677,159827,0
-217,92,-676,159858,0
-221,63,-672,159889,0
-232,60,-672,159920,0
-232,65,-666,159950,0
-225,67,-666,159981,0
-228,67,-673,160013,0
-234,96,-672,160044,0
-247,177,-665,160074,0
-269,467,-653,160105,0
-258,536,-631,160136,0
-258,159,-621,160166,0
-176,-464,-607,160197,0
-217,-640,-740,160229,0
-281,-509,-781,160260,0
-269,-290,-703,160290,0
-239,-137,-660,160321,0
-281,-45,-680,160352,0
-287,67,-672,160382,0
-232,135,-633,160414,0
-208,147,-649,160445,0
-208,143,-649,160476,0
-173,103,-640,160506,1
-189,104,-665,160537,0
-215,124,-696,160568,0
-208,143,-681,160600,0
-189,150,-665,160630,0
-185,144,-661,160661,0
-189,169,-672,160692,0
-178,184,-650,160722,0
-191,191,-658,160753,0
-208,172,-669,160784,0
-215,143,-672,160816,0
-221,127,-665,160846,0
-231,143,-674,160877,0
-232,127,-674,160908,0
-225,103,-680,160939,0
-218,94,-674,160969,0
-218,103,-669,161000,0
-225,135,-669,161032,0
-234,142,-676,161062,0
-232,159,-672,161093,0
-225,191,-656,161124,0
-225,336,-645,161155,0
-221,492,-616,161185,0
-228,262,-616,161217,0
-192,-208,-601,161248,0
-173,-552,-656,161278,0
-271,-538,-775,161309,0
-333,-393,-793,161340,0
-280,-232,-689,161371,0
-224,-141,-625,161402,0
-305,3,-698,161433,0
-290,56,-685,161464,0
-244,79,-649,161495,0
-212,121,-625,161525,0
-210,143,-628,161556,0
-217,135,-648,161587,0
-208,140,-650,161617,0
-237,115,-692,161649,0
-241,112,-692,161680,0
-223,119,-665,161711,1
-228,156,-665,161741,0
-223,176,-648,161772,0
-225,179,-656,161803,0
-249,207,-674,161835,0
-263,191,-687,161865,0
-242,144,-669,161896,0
-241,108,-660,161927,0
-241,94,-664,161957,0
-244,104,-672,161988,0
-256,105,-679,162020,0
-247,113,-669,162051,0
-257,108,-672,162081,0
-249,81,-665,162112,0
-247,88,-672,162143,0
-248,95,-672,162173,0
-253,135,-672,162204,0
-256,240,-656,162235,0
-269,294,-665,162267,0
-276,380,-656,162297,0
-241,307,-621,162328,0
-208,-57,-601,162359,0
-205,-481,-680,162390,0
-287,-434,-772,162420,0
-293,-311,-756,162452,0
-240,-178,-673,162483,0
-221,-112,-648,162513,0
-253,-13,-665,162544,0
-241,143,-642,162575,0
-217,174,-636,162606,0
-234,143,-660,162636,0
-225,108,-663,162668,0
-208,83,-648,162699,0
-225,87,-673,162729,0
-239,97,-688,162760,0
-233,120,-680,162791,0
-228,147,-666,162822,0
-231,159,-665,162852,1
-221,159,-655,162884,0
-225,143,-665,162915,0
-239,118,-676,162946,0
-249,88,-688,162976,0
-244,79,-672,163007,0
-240,79,-660,163038,0
-244,103,-655,163068,0
-249,92,-672,163100,0
-249,92,-674,163131,0
-249,71,-673,163162,0
-241,67,-671,163192,0
-245,88,-671,163223,0
-260,94,-692,163254,0
-249,103,-698,163284,0
-207,79,-669,163315,0
-189,92,-647,163346,0
-200,147,-621,163378,0
-213,175,-631,163408,0
-258,156,-650,163439,0
-287,113,-666,163470,0
-303,83,-689,163501,0
-305,84,-692,163531,0
-296,92,-672,163562,0
-269,51,-656,163594,0
-272,32,-665,163624,0
-292,28,-676,163655,0
-297,15,-665,163686,0
-303,-25,-671,163717,0
-311,-60,-685,163747,0
-303,-71,-680,163778,0
-285,-45,-657,163809,0
-272,-16,-660,163841,0
-272,-13,-666,163871,0
-272,-44,-672,163902,0
-269,-49,-665,163933,0
-264,-36,-658,163963,0
-264,-25,-656,163994,0
-276,-24,-665,164025,0
-281,-33,-671,164056,0
-266,-17,-660,164086,0
-272,7,-660,164118,0
-282,24,-669,164149,0
-288,22,-672,164179,0
-290,16,-673,164210,0
-296,9,-689,164241,0
-288,-8,-687,164272,0
-269,3,-680,164302,0
-232,62,-634,164333,0
-225,137,-608,164364,0
-258,158,-618,164395,0
-292,71,-663,164426,0
-322,-80,-720,164457,0
-333,-128,-733,164488,0
-285,-79,-689,164518,0
-258,-7,-647,164549,0
-241,25,-628,164580,0
-265,32,-653,164611,0
-281,12,-660,164641,0
-281,-42,-664,164673,0
-308,-64,-695,164704,0
-314,-45,-698,164734,0
-313,99,-666,164765,0
-345,668,-616,164796,0
-381,588,-605,164827,0
-404,172,-676,164857,0
-328,-249,-672,164889,0
-228,-559,-648,164920,0
-161,-737,-621,164951,0
-176,-640,-648,164981,0
-224,-452,-696,165012,0
-200,-429,-656,165043,0
-185,-493,-649,165073,1
-232,-336,-673,165105,0
-225,-121,-648,165136,0
-193,0,-609,165167,0
-205,46,-633,165197,0
-199,-8,-612,165228,0
-173,-72,-580,165259,0
-221,-136,-648,165289,0
-288,-104,-712,165321,0
-328,-57,-760,165352,0
-351,-39,-756,165383,0
-313,-24,-680,165413,0
-273,7,-655,165444,0
-290,36,-680,165475,0
-240,31,-648,165506,0
-232,19,-689,165536,0
-320,-36,-786,165567,0
-317,-98,-810,165599,0
-295,-16,-727,165629,0
-145,68,-625,165660,0
-84,67,-609,165691,0
-1,79,-577,165722,0
14,96,-569,165752,0
-4,92,-607,165783,0
-26,79,-666,165814,0
-74,83,-729,165844,0
-79,56,-708,165875,0
-29,31,-656,165906,0
-45,39,-660,165937,0
-57,33,-665,165967,0
-56,28,-672,165998,0
-65,15,-697,166030,0
-77,-8,-680,166061,0
-57,-1,-625,166091,0
-36,24,-605,166122,0
-92,24,-665,166153,0
-180,38,-730,166183,0
-221,15,-729,166214,0
-217,16,-685,166245,0
-208,19,-671,166276,0
-224,22,-690,166306,0
-225,30,-713,166337,0
-210,46,-701,166369,0
-196,76,-663,166400,0
-200,87,-664,166430,0
-232,31,-708,166461,0
-253,3,-698,166492,0
-228,19,-648,166522,0
-217,35,-633,166553,0
-239,19,-656,166584,0
-247,-20,-676,166615,0
-233,-36,-690,166645,0
-264,-8,-724,166677,0
-279,12,-727,166708,0
-256,12,-685,166738,0
-228,60,-648,166769,0
-237,185,-642,166800,0
-253,431,-625,166831,0
-266,399,-637,166861,0
-258,44,-637,166892,0
-154,-616,-601,166924,0
-143,-845,-671,166955,0
-249,-628,-776,166985,0
-287,-416,-769,167016,0
-241,-153,-692,167047,0
-217,41,-625,167077,0
-205,163,-618,167109,0
-201,153,-641,167140,0
-193,184,-647,167171,1
-164,184,-623,167201,0
-161,118,-628,167232,0
-184,127,-656,167263,0
-217,135,-701,167294,0
-237,147,-712,167325,0
-215,159,-681,167356,0
-193,167,-660,167387,0
-208,167,-664,167417,0
-193,152,-656,167448,0
-199,140,-663,167479,0
-212,119,-666,167511,0
-207,96,-672,167541,0
-205,76,-671,167572,0
-212,71,-672,167603,0
-221,83,-680,167633,0
-228,95,-679,167664,0
-241,223,-656,167695,0
-272,526,-632,167727,0
-264,339,-653,167757,0
-232,24,-625,167788,0
-153,-577,-600,167819,0
-180,-791,-703,167849,0
-289,-584,-794,167880,0
-308,-388,-761,167911,0
-276,-109,-689,167943,0
-228,31,-625,167973,0
-241,112,-657,168004,0
-231,190,-656,168035,0
-185,204,-628,168066,0
-185,167,-633,168096,0
-185,143,-644,168127,0
-189,152,-658,168159,0
-225,156,-685,168189,0
-218,137,-681,168220,1
-208,127,-679,168251,0
-208,147,-676,168282,0
-208,167,-676,168312,0
-201,172,-669,168344,0
-209,147,-676,168375,0
-216,140,-665,168406,0
-207,127,-656,168436,0
-221,131,-669,168467,0
-225,121,-680,168498,0
-225,104,-680,168529,0
-221,89,-679,168560,0
-212,103,-673,168591,0
-207,103,-669,168622,0
-215,143,-664,168652,0
-212,227,-647,168683,0
-242,665,-596,168714,0
-240,472,-612,168745,0
-264,-109,-664,168776,0
-205,-653,-681,168807,0
-249,-704,-769,168838,0
-292,-525,-783,168868,0
-241,-292,-698,168899,0
-208,-36,-639,168931,0
-208,145,-649,168962,0
-216,127,-673,168992,0
-184,124,-653,169023,0
-136,211,-596,169054,0
-157,161,-624,169084,0
-193,79,-672,169115,0
-199,60,-681,169147,0
-224,63,-692,169178,0
-212,65,-666,169208,1
-208,87,-658,169239,0
-232,115,-689,169270,0
-250,134,-701,169300,0
-232,134,-689,169331,0
-224,121,-673,169363,0
-207,103,-665,169394,0
-200,73,-657,169424,0
-189,49,-660,169455,0
-205,54,-680,169486,0
-212,54,-688,169517,0
-209,55,-680,169547,0
-218,79,-680,169578,0
-221,121,-669,169610,0
-225,135,-666,169640,0
-228,115,-673,169671,0
-223,95,-679,169702,0
-212,96,-674,169733,0
-217,99,-672,169763,0
-217,121,-664,169794,0
-226,161,-672,169825,0
-240,232,-666,169857,0
-217,201,-634,169887,0
-186,51,-609,169918,0
-184,-304,-647,169949,0
-189,-458,-669,169979,0
-217,-473,-704,170010,0
-328,-317,-784,170042,0
-351,-232,-769,170073,0
-257,-301,-687,170103,0
-177,-239,-610,170134,0
-157,-42,-586,170165,0
-185,167,-621,170195,0
-196,179,-648,170226,0
-217,147,-688,170258,1
-226,110,-706,170289,0
-201,64,-690,170319,0
-199,41,-682,170350,0
-207,71,-688,170381,0
-194,108,-669,170412,0
-177,126,-647,170442,0
-192,108,-656,170474,0
-200,115,-664,170505,0
-207,102,-673,170535,0
-226,81,-679,170566,0
-228,51,-676,170597,0
-228,51,-676,170628,0
-241,76,-680,170658,0
-225,71,-676,170690,0
-229,67,-680,170721,0
-232,179,-660,170752,0
-237,345,-644,170782,0
-244,296,-653,170813,0
-221,191,-625,170844,0
-189,-205,-601,170874,0
-189,-581,-666,170906,0
-289,-472,-791,170937,0
-309,-369,-776,170968,0
-217,-231,-669,170998,0
-200,-111,-642,171029,0
-216,-49,-672,171060,0
-196,36,-656,171090,0
-157,56,-628,171122,0
-153,63,-632,171153,0
-154,22,-653,171184,0
-159,32,-657,171214,0
-177,55,-681,171245,0
-194,83,-687,171276,0
-200,103,-685,171307,0
-185,120,-665,171337,0
-185,131,-653,171369,1
-193,115,-660,171400,0
-221,97,-682,171430,0
-225,112,-680,171461,0
-233,115,-689,171492,0
-241,105,-689,171523,0
-225,92,-669,171554,0
-228,76,-660,171585,0
-249,79,-671,171616,0
-241,71,-673,171646,0
-239,70,-676,171677,0
-226,78,-680,171708,0
-224,96,-676,171739,0
-218,87,-666,171769,0
-217,67,-665,171800,0
-221,54,-671,171832,0
-224,63,-676,171863,0
-225,99,-672,171893,0
-241,184,-658,171924,0
-279,311,-680,171955,0
-264,284,-665,171985,0
-224,129,-623,172016,0
-165,-208,-596,172048,0
-173,-477,-656,172079,0
-263,-445,-769,172109,0
-295,-340,-762,172140,0
-215,-121,-665,172171,0
-210,-4,-655,172201,0
-228,22,-676,172232,0
-207,39,-664,172263,0
-170,60,-625,172295,0
-157,63,-621,172325,0
-189,8,-660,172356,0
-217,0,-692,172387,0
-217,23,-679,172418,0
-217,38,-680,172448,0
-212,48,-676,172479,0
-215,62,-676,172510,0
-210,67,-666,172540,0
-218,63,-672,172572,0
-223,55,-665,172603,0
-221,38,-666,172634,1
-228,40,-672,172664,0
-237,41,-685,172695,0
-247,16,-689,172726,0
-241,-7,-685,172756,0
-223,9,-669,172787,0
-225,23,-672,172818,0
-217,33,-660,172850,0
-224,28,-666,172880,0
-237,7,-689,172911,0
-228,12,-681,172942,0
-225,51,-671,172973,0
-231,231,-631,173003,0
-250,463,-616,173034,0
-273,401,-648,173065,0
-264,156,-634,173096,0
-200,-328,-625,173127,0
-210,-623,-703,173158,0
-295,-535,-777,173189,0
-263,-386,-720,173219,0
-200,-202,-655,173250,0
-232,-113,-673,173282,0
-242,-72,-676,173313,0
-196,46,-618,173343,0
-160,76,-600,173374,0
-200,88,-644,173405,0
-200,56,-660,173435,0
-193,51,-665,173466,0
-207,25,-680,173497,0
-212,28,-692,173528,0
-209,39,-696,173559,0
-200,48,-679,173590,0
-205,60,-669,173621,1
-196,79,-656,173651,0
-208,76,-676,173682,0
-226,56,-690,173713,0
-228,24,-682,173744,0
-217,12,-672,173774,0
-221,15,-674,173806,0
-225,28,-666,173837,0
-223,31,-660,173868,0
-232,15,-673,173898,0
-237,-7,-690,173929,0
-237,3,-690,173960,0
-223,19,-669,173990,0
-221,19,-672,174021,0
-223,39,-671,174052,0
-232,110,-653,174083,0
-241,327,-631,174114,0
-260,447,-634,174145,0
-271,169,-664,174176,0
-215,-212,-616,174206,0
-168,-727,-642,174237,0
-263,-656,-761,174268,0
-340,-445,-808,174300,0
-253,-292,-698,174330,0
-177,-125,-610,174361,0
-205,-49,-640,174392,0
-183,83,-628,174423,0
-185,99,-644,174453,0
-208,89,-669,174484,0
-192,71,-656,174515,0
-175,65,-653,174546,0
-196,56,-688,174577,0
-205,55,-688,174608,0
-200,80,-680,174639,0
-189,120,-660,174669,0
-208,119,-673,174700,1
-200,88,-666,174731,0
-185,79,-658,174763,0
-208,63,-672,174793,0
-231,35,-689,174824,0
-237,16,-697,174855,0
-225,15,-674,174885,0
-228,15,-665,174916,0
-212,-1,-660,174947,0
-218,-1,-672,174978,0
-232,15,-685,175008,0
-240,19,-692,175039,0
-231,24,-687,175071,0
-226,28,-672,175101,0
-240,57,-665,175132,0
-271,169,-650,175163,0
-304,608,-616,175194,0
-330,327,-676,175224,0
-273,-221,-663,175255,0
-153,-656,-634,175287,0
-193,-601,-720,175318,0
-249,-468,-761,175348,0
-201,-296,-701,175379,0
-176,-189,-663,175410,0
-176,-114,-676,175440,0
-237,-97,-737,175472,0
-178,-141,-653,175503,0
-68,-64,-545,175534,0
-79,22,-554,175564,0
-167,1,-648,175595,0
-194,-33,-682,175626,0
-212,-24,-697,175656,0
-244,15,-712,175687,0
-229,28,-705,175718,0
-217,41,-692,175749,0
-208,48,-669,175780,1
-194,24,-653,175811,0
-194,46,-657,175842,0
-207,44,-676,175873,0
-217,39,-682,175903,0
-217,24,-682,175934,0
-217,-8,-685,175965,0
-216,-25,-682,175995,0
-212,-31,-680,176027,0
-208,-24,-672,176058,0
-208,-18,-666,176089,0
-221,-13,-680,176119,0
-223,-8,-672,176150,0
-224,-8,-668,176181,0
-225,-20,-672,176211,0
-223,-26,-688,176242,0
-217,15,-666,176273,0
-225,204,-633,176305,0
-258,455,-632,176335,0
-292,310,-672,176366,0
-266,38,-658,176397,0
-185,-464,-600,176428,0
-168,-831,-648,176458,0
-290,-584,-793,176489,0
-279,-378,-744,176521,0
-193,-225,-644,176551,0
-196,-106,-640,176582,0
-208,-29,-663,176613,0
-200,31,-657,176644,0
-175,70,-637,176674,0
-141,108,-618,176705,0
-173,64,-647,176737,0
-193,-18,-685,176768,0
-200,-36,-708,176798,0
-208,-20,-701,176829,0
-192,19,-676,176860,0
-192,55,-664,176890,0
-196,88,-672,176921,0
-208,92,-676,176952,0
-212,49,-681,176983,1
-212,64,-680,177014,0
-216,76,-680,177045,0
-217,83,-687,177076,0
-209,73,-685,177106,0
-193,39,-673,177137,0
-184,8,-672,177168,0
-193,-13,-669,177199,0
-177,-1,-666,177229,0
-185,28,-669,177260,0
-200,38,-679,177292,0
-217,39,-696,177323,0
-221,35,-701,177353,0
-208,28,-680,177384,0
-199,24,-666,177415,0
-200,19,-665,177445,0
-199,35,-661,177476,0
-208,96,-666,177507,0
-231,281,-656,177538,0
-260,559,-648,177569,0
-232,368,-616,177600,0
-186,-112,-601,177631,0
-173,-564,-649,177661,0
-225,-688,-743,177692,0
-288,-655,-783,177723,0
-216,-392,-672,177755,0
-194,-225,-639,177785,0
-221,-97,-648,177816,0
-221,-5,-644,177847,0
-217,14,-649,177878,0
-202,23,-637,177908,0
-205,33,-641,177939,0
-212,12,-664,177970,0
-207,-32,-681,178001,1
-228,-32,-705,178032,0
-232,-31,-698,178063,0
-223,-65,-692,178094,0
-215,-77,-685,178124,0
-217,-21,-680,178155,0
-205,56,-653,178186,0
-205,102,-653,178216,0
-193,102,-658,178248,0
-207,72,-685,178279,0
-209,60,-689,178310,0
-208,30,-689,178340,0
-207,24,-695,178371,0
-189,23,-674,178402,0
-180,8,-657,178433,0
-186,-2,-669,178463,0
-200,-8,-665,178494,0
-200,15,-674,178526,0
-205,23,-681,178556,0
-224,23,-688,178587,0
-215,8,-680,178618,0
-212,19,-669,178649,0
-225,79,-669,178679,0
-264,304,-655,178710,0
-272,487,-653,178741,0
-249,287,-644,178772,0
-193,-207,-616,178803,0
-153,-623,-653,178834,0
-226,-665,-756,178865,0
-250,-562,-765,178895,0
-186,-352,-669,178926,0
-168,-177,-637,178957,0
-177,-109,-650,178989,0
-173,-77,-660,179019,0
-141,-33,-625,179050,0
-128,15,-610,179081,0
-168,31,-649,179111,0
-189,15,-679,179142,0
-196,7,-687,179173,0
-200,-8,-680,179204,0
-208,-1,-693,179234,0
-215,12,-695,179266,0
-194,15,-673,179297,1
-196,40,-669,179328,0
-193,63,-653,179358,0
-207,72,-665,179389,0
-221,65,-688,179420,0
-232,46,-695,179450,0
-232,24,-689,179481,0
-224,3,-673,179512,0
-218,-7,-676,179544,0
-212,1,-672,179574,0
-212,7,-674,179605,0
-221,7,-685,179636,0
-215,15,-687,179666,0
-212,33,-679,179697,0
-240,275,-648,179728,0
-253,447,-631,179759,0
-272,304,-665,179789,0
-231,-32,-665,179821,0
-160,-333,-616,179852,0
-157,-532,-666,179883,0
-263,-458,-783,179913,0
-244,-351,-749,179944,0
-180,-249,-665,179975,0
-160,-196,-644,180006,0
-153,-183,-642,180037,0
-135,-153,-636,180068,0
-116,-66,-617,180099,0
-109,-31,-633,180129,0
-136,-4,-663,180160,0
-160,19,-653,180191,0
-207,35,-676,180221,0
-258,24,-712,180253,0
-237,30,-688,180284,0
-217,60,-664,180315,0
-212,83,-665,180345,0
-215,76,-666,180376,0
-224,63,-676,180407,0
-225,31,-680,180438,0
-237,-4,-680,180468,0
-247,3,-688,180499,0
-241,-4,-690,180530,0
-216,-1,-676,180560,0
-208,3,-671,180592,1
-200,-1,-658,180623,0
-200,14,-658,180654,0
-212,16,-674,180684,0
-217,-5,-680,180715,0
-221,-23,-685,180746,0
-217,-9,-679,180776,0
-201,24,-660,180807,0
-223,79,-672,180838,0
-269,280,-679,180870,0
-264,401,-644,180900,0
-241,231,-616,180931,0
-196,-239,-632,180962,0
-193,-504,-697,180993,0
-201,-512,-721,181023,0
-197,-354,-698,181055,0
-185,-244,-676,181086,0
-191,-153,-681,181116,0
-194,-121,-695,181147,0
-180,-112,-672,181178,0
-141,-100,-633,181209,0
-148,-89,-637,181239,0
-114,-16,-601,181271,0
-135,73,-625,181302,0
-199,81,-692,181332,0
-218,63,-704,181363,0
-209,39,-692,181394,0
-208,28,-687,181425,0
-212,30,-689,181455,0
-212,24,-674,181486,0
-209,54,-676,181517,0
-209,71,-679,181549,0
-221,60,-679,181579,0
-208,48,-663,181610,1
-209,40,-669,181641,0
-221,39,-688,181671,0
-225,31,-689,181702,0
-221,14,-689,181733,0
-193,19,-666,181764,0
-200,31,-666,181795,0
-199,35,-665,181826,0
-207,46,-671,181857,0
-216,60,-676,181888,0
-221,67,-682,181918,0
-244,127,-680,181949,0
-263,408,-642,181980,0
-269,360,-656,182010,0
-232,-41,-639,182042,0
-164,-450,-637,182073,0
-177,-545,-696,182104,0
-217,-498,-737,182134,0
-209,-377,-712,182165,0
-193,-244,-672,182196,0
-201,-168,-669,182227,0
-221,-130,-685,182258,0
-186,-104,-649,182289,0
-153,-36,-601,182320,0
-175,39,-625,182350,0
-208,60,-672,182381,0
-212,35,-685,182412,0
-205,-8,-680,182443,0
-201,-24,-680,182474,0
-185,-25,-676,182505,0
-193,-8,-680,182536,0
-196,16,-682,182566,0
-199,39,-685,182597,0
-193,44,-672,182628,0
-189,30,-663,182659,0
-181,33,-656,182689,1
-193,24,-656,182720,0
-208,3,-688,182752,0
-225,-4,-698,182782,0
-212,-13,-696,182813,0
-196,7,-673,182844,0
-186,24,-660,182875,0
-189,24,-657,182905,0
-194,17,-665,182936,0
-210,7,-674,182967,0
-225,22,-689,182998,0
-228,127,-679,183028,0
-242,312,-671,183060,0
-232,318,-656,183091,0
-212,263,-621,183121,0
-180,-50,-593,183152,0
-189,-496,-664,183183,0
-241,-564,-749,183214,0
-247,-456,-740,183245,0
-185,-313,-664,183276,0
-177,-176,-637,183307,0
-200,-109,-665,183337,0
-207,-49,-666,183368,0
-200,24,-653,183399,0
-202,55,-658,183430,0
-200,63,-655,183460,0
-189,9,-660,183492,0
-193,-17,-676,183523,0
-202,6,-689,183554,0
-208,19,-689,183584,0
-205,31,-681,183615,0
-196,81,-669,183646,0
-200,95,-669,183676,0
-196,80,-671,183707,0
-201,103,-676,183738,0
-205,71,-679,183770,0
-210,-1,-681,183800,0
-205,-55,-680,183831,1
-193,-69,-671,183862,0
-194,-52,-680,183892,0
-200,-23,-680,183923,0
-194,-7,-680,183954,0
-194,8,-673,183985,0
-189,-2,-665,184015,0
-185,-13,-665,184047,0
-189,-13,-672,184078,0
-196,-16,-679,184109,0
-200,25,-672,184139,0
-208,192,-656,184170,0
-212,316,-648,184201,0
-212,143,-656,184231,0
-185,-159,-640,184263,0
-176,-400,-669,184294,0
-217,-468,-733,184325,0
-256,-400,-740,184355,0
-233,-253,-689,184386,0
-208,-168,-649,184417,0
-237,-104,-672,184448,0
-228,6,-672,184479,0
-208,15,-669,184510,0
-196,39,-665,184541,0
-178,31,-666,184571,0
-160,6,-649,184602,0
-152,-36,-656,184633,0
-173,-13,-676,184664,0
-178,31,-672,184694,0
-183,63,-682,184725,0
-185,57,-676,184757,0
-186,80,-673,184787,0
-193,99,-680,184818,0
-199,72,-674,184849,0
-200,28,-672,184880,0
-205,23,-680,184910,1
-202,14,-672,184941,0
-200,7,-682,184972,0
-216,8,-698,185003,0
-205,3,-689,185033,0
-183,-2,-672,185065,0
-177,1,-665,185096,0
-177,12,-664,185126,0
-173,12,-660,185157,0
-173,7,-685,185188,0
-167,-4,-712,185219,0
-144,-1,-689,185249,0
-116,32,-633,185280,0
-109,64,-586,185311,0
-128,24,-601,185341,0
-223,-20,-689,185372,0
-280,-1,-722,185404,0
-241,33,-673,185435,0
-256,35,-671,185465,0
-269,25,-672,185496,0
-288,25,-685,185527,0
-308,57,-690,185558,0
-308,86,-679,185588,0
-301,65,-665,185619,0
-305,32,-676,185650,0
-305,7,-680,185681,0
-296,39,-689,185712,0
-276,79,-671,185743,0
-255,92,-656,185774,0
-242,79,-653,185804,0
-241,55,-660,185835,0
-249,31,-673,185866,0
-260,30,-674,185896,0
-249,15,-666,185927,0
-253,19,-666,185959,0
-249,39,-658,185990,0
-253,47,-653,186020,0
-257,44,-660,186051,0
-269,41,-672,186082,0
-269,33,-676,186113,0
-269,31,-671,186143,0
-269,28,-663,186174,0
-272,44,-665,186205,0
-272,39,-672,186236,0
-269,39,-669,186267,0
-269,39,-669,186298,0
-266,44,-665,186329,0
-264,48,-660,186359,0
-266,60,-656,186390,0
-264,56,-656,186421,0
-272,39,-676,186451,0
-271,39,-672,186482,0
-265,35,-666,186514,0
-266,38,-671,186545,0
-265,39,-665,186575,0
-269,48,-665,186606,0
-272,47,-656,186637,0
-272,39,-657,186668,0
-266,33,-665,186698,0
-271,44,-663,186729,0
-281,46,-671,186760,0
-276,33,-672,186791,0
-274,35,-669,186822,0
-272,48,-653,186853,0
-273,55,-655,186884,0
-285,39,-672,186914,0
-274,16,-664,186945,0
-280,24,-666,186976,0
-273,40,-656,187006,0
-281,39,-663,187038,0
-296,38,-669,187069,0
-298,31,-672,187100,0
-288,9,-658,187130,0
-279,9,-656,187161,0
-289,1,-669,187192,0
-292,-8,-676,187223,0
-296,-9,-676,187253,0
-287,-4,-669,187284,0
-281,1,-657,187315,0
-289,7,-656,187345,0
-292,-8,-653,187376,0
-301,-18,-672,187408,0
-304,-16,-673,187439,0
-296,-15,-665,187469,0
-296,-8,-658,187500,0
-292,-9,-665,187531,0
-295,-18,-672,187561,0
-292,-32,-664,187592,0
-276,-29,-653,187623,0
-285,-16,-663,187654,0
-303,15,-676,187684,0
-296,22,-669,187716,0
-281,12,-648,187747,0
-285,7,-647,187778,0
-295,3,-656,187808,0
-314,-1,-672,187839,0
-313,-7,-672,187870,0
-311,-18,-666,187900,0
-301,-32,-658,187931,0
-303,-25,-658,187962,0
-296,-16,-665,187993,0
-301,-2,-669,188024,0
-295,-8,-653,188055,0
-295,-13,-653,188086,0
-304,-8,-655,188116,0
-304,8,-665,188147,0
-306,6,-669,188178,0
-297,-13,-656,188209,0
-306,-32,-665,188239,0
-308,-32,-665,188270,0
-308,-29,-668,188301,0
-313,-25,-663,188333,0
-305,-16,-656,188363,0
-308,-10,-665,188394,0
-303,-20,-657,188425,0
-295,-31,-650,188455,0
-297,-40,-657,188486,0
-305,-32,-669,188517,0
-305,-17,-657,188548,0
-305,-16,-660,188579,0
-305,-25,-658,188610,0
-296,-32,-657,188641,0
-295,-16,-653,188672,0
-296,6,-650,188702,0
-313,3,-660,188733,0
-320,-4,-665,188764,0
-322,-25,-666,188794,0
-322,-31,-666,188825,0
-320,-20,-660,188856,0
-311,-4,-650,188888,0
-305,0,-655,188918,0
-313,6,-658,188949,0
-314,-20,-663,188980,0
-320,-34,-665,189010,0
-317,-25,-658,189041,0
-312,-13,-649,189072,0
-313,-2,-658,189103,0
-312,3,-665,189133,0
-313,-4,-665,189164,0
-312,-13,-665,189196,0
-311,3,-650,189227,0
-312,-4,-657,189257,0
-320,-16,-669,189288,0
-314,-17,-657,189319,0
-305,-20,-650,189349,0
-296,3,-648,189380,0
-308,3,-660,189411,0
-314,-13,-669,189442,0
-320,-25,-666,189472,0
-320,-20,-665,189504,0
-308,6,-650,189535,0
-308,15,-656,189565,0
-320,14,-669,189596,0
-308,12,-653,189627,0
-301,3,-658,189658,0
-308,-8,-666,189688,0
-313,-23,-669,189719,0
-297,-18,-660,189750,0
-303,-2,-649,189780,0
-306,14,-648,189811,0
-305,16,-656,189843,0
-321,-29,-676,189874,0
-311,-50,-664,189904,0
-306,-65,-660,189935,0
-306,-64,-655,189966,0
-306,-40,-653,189997,0
-317,-32,-665,190027,0
-317,-31,-669,190058,0
-312,-26,-653,190090,0
-305,-32,-656,190120,0
-292,-34,-653,190151,0
-298,-34,-664,190182,0
-305,-29,-669,190213,0
-308,-26,-660,190243,0
-311,-24,-653,190274,0
-311,-16,-649,190305,0
-328,-8,-666,190336,0
-313,-13,-660,190367,0
-304,-8,-653,190398,0
-305,-16,-665,190429,0
-301,-8,-655,190459,0
-295,-16,-648,190490,0
-311,-16,-658,190521,0
-322,-9,-671,190552,0
-313,1,-663,190582,0
-303,3,-653,190613,0
-305,-8,-665,190644,0
-303,-18,-660,190675,0
-301,-16,-653,190706,0
-305,-13,-644,190737,0
-317,24,-653,190768,0
-330,30,-665,190798,0
-336,-32,-680,190829,0
-317,-45,-660,190860,0
-312,-36,-656,190891,0
-296,-25,-644,190921,0
-297,-13,-648,190953,0
-317,-2,-655,190984,0
-328,-13,-672,191014,0
-333,-45,-666,191045,0
-317,-74,-665,191076,0
-313,-61,-660,191107,0
-301,-33,-653,191137,0
-304,-8,-653,191168,0
-305,3,-648,191199,0
-306,-16,-653,191230,0
-314,-42,-657,191261,0
-322,-52,-671,191292,0
-320,-33,-666,191323,0
-308,-16,-656,191353,0
